0.211762 153
0.001050 92
0.000364 40
1.214933 24
0.915512 11
0.000130 15
0.069346 34
2.453560 2
0.369832 1137
0.036560 72
2.068315 79
0.953550 1
0.117460 1
0.056233 1
0.098484 1
0.110328 1
0.222989 1
0.081719 1
0.118887 1
0.242890 1
0.001220 1
0.467971 4
0.193603 4
0.935039 1
0.105443 1
0.157965 1
1.371481 1
0.606171 1
0.315221 6
2.300270 1
0.656529 2
0.012638 200
0.001713 72
1.123487 20
1.500491 1
0.109941 1
0.194119 1
0.275956 2
0.012451 51
0.002270 72
3.184684 1
1.621776 1
0.359059 1
0.147271 1
0.104713 1
0.101105 1
0.113540 1
0.485120 1
1.598923 74
0.799144 1
5.743566 87
0.726519 1
0.736473 1
0.140677 1
0.193959 1
0.118940 1
0.124748 1
0.094778 1
0.132407 1
0.119800 1
0.592168 1
0.144592 1
0.078587 1
0.280577 1
0.149751 1
0.102234 1
1.202865 74
1.422747 1
0.634135 1
0.175159 1
0.116874 1
0.207440 1
0.084301 1
0.070690 1
0.160061 1
0.100129 1
0.089220 1
0.161573 1
0.072130 1
0.302922 1
0.072588 1
0.276987 1
0.572486 1
0.146417 1
0.161487 1
0.281764 74
0.911640 1
0.130500 1
0.015533 1
0.141952 1
0.086549 1
0.095721 1
0.083319 1
0.105954 1
0.304483 2
0.032289 64
1.028260 1
0.123260 1
0.137926 1
2.972392 11
1.130713 2
0.028058 104
1.037848 1
0.123432 1
0.063995 1
0.258740 1
0.263860 1
0.108181 1
0.148364 1
0.846903 1
0.491175 1
3.374882 8
1.136776 1
0.124056 4
1.298315 1
0.298300 1
0.208182 1
0.097925 1
0.077468 1
0.070452 1
0.204250 1
0.341879 1
0.642493 1
0.123359 1
0.133412 1
1.271437 2
0.003652 104
1.242186 1
0.117080 1
0.196948 1
0.080697 1
2.411044 24
0.970570 2
0.002384 13
0.000431 104
1.971009 1
0.087685 1
0.111674 1
0.167672 1
0.095975 1
0.091067 1
1.182115 24
0.795859 2
0.003585 79
0.000312 104
1.717527 6
0.002255 64
0.680372 6
0.001580 72
3.257471 1
0.430138 1
0.087368 1
0.127890 1
0.186223 1
0.202981 2
0.060357 1
0.096590 1
0.104040 1
0.493313 4
0.195650 4
0.177389 4
0.179919 4
0.170882 4
0.415239 1
0.136461 1
0.110840 1
0.106856 1
0.212766 1
0.023605 1
0.060614 1
0.154542 1
0.244159 1
0.196529 1
0.069242 1
0.156834 1
0.114345 1
0.185624 1
0.076150 1
0.065341 1
0.272564 1
0.176164 1
0.126240 1
0.083901 1
0.211534 1
0.129234 1
0.022567 1
0.093386 1
0.133658 1
0.123443 1
0.128208 1
0.281792 1
0.159546 1
0.108536 1
0.136168 1
0.145485 1
0.148096 1
0.092693 1
0.400937 1
0.201711 1
0.102007 1
0.136552 1
0.152367 1
0.096830 1
0.135345 1
0.130415 1
0.081426 1
0.061673 1
0.136570 1
0.150196 1
0.164110 1
0.169137 1
0.166720 1
0.084175 1
0.089857 1
0.154430 1
0.122332 1
0.065410 1
0.119120 1
0.351758 1
0.068851 1
0.204762 1
0.060524 1
0.163374 1
0.125748 1
0.211836 1
0.163306 1
0.149158 1
0.238439 1
0.117245 1
0.136464 1
0.115399 1
0.073887 1
0.285300 1
0.178480 1
0.178421 1
0.282478 74
3.640126 1
1.128946 1
5.325399 64
1.228381 74
8.508723 70
4.117405 70
0.870272 5
1.528404 5
0.619049 9
0.235604 5
0.108367 5
0.110232 5
0.219287 9
0.125562 5
0.101491 5
0.270085 5
0.098117 5
0.299192 5
0.134821 5
0.158929 5
0.116974 5
0.790937 9
0.102970 5
0.091507 5
0.196968 5
0.107589 5
0.146172 5
0.050429 5
0.620742 5
0.116932 5
0.208098 5
0.092999 5
0.797822 5
0.275340 5
0.226176 5
0.462064 5
0.215305 5
0.166904 5
0.238297 5
0.244438 5
0.108500 9
0.087723 5
1.071370 5
0.050379 5
0.053461 9
0.132239 5
0.203689 5
0.105765 5
0.055967 5
0.175563 5
0.256340 5
0.155922 5
0.166684 5
0.150013 5
0.246886 5
2.153511 5
0.338009 5
0.404962 5
0.235750 5
0.469607 5
1.754559 74
1.784879 1
0.094650 1
0.098115 1
0.117281 1
1.279931 1
0.050412 1
0.145787 1
0.300275 1
1.036724 1
0.205633 1
0.380810 1
0.125836 1
0.201117 1
0.438776 1
0.287126 1
0.442288 1
0.072702 1
0.098005 1
0.079513 1
0.086426 1
0.317852 1
0.141004 1
0.124429 1
0.202111 1
0.097680 1
0.620264 1
1.329796 1
0.641234 1
0.134120 1
0.143490 1
0.179257 1
0.095934 1
0.573137 2
0.060400 204
0.000493 72
2.116452 1
0.913989 1
0.201403 1
0.140929 1
0.154017 1
0.096027 1
0.096775 1
0.219604 1
0.097354 1
0.110796 1
0.268718 1
0.111271 1
0.118615 1
0.100273 1
0.180079 1
0.096556 1
0.068302 1
0.157985 1
0.173234 1
0.068617 1
0.169344 1
1.256791 1
0.175960 1
0.504944 1
0.449715 4
0.883152 1
0.401493 1
0.166641 1
0.213219 1
0.209739 1
0.121589 1
0.093213 1
0.193692 1
0.152427 1
0.109433 1
0.135172 1
0.212742 1
0.064892 1
0.065667 1
0.145968 1
0.136417 1
0.091166 1
0.157067 1
0.526028 1
0.482169 4
0.239381 1
0.213089 1
0.467554 1
0.168604 1
0.111681 1
0.114862 1
0.155724 1
0.971074 1
0.435820 1
0.584505 1
0.185935 1
0.171096 1
0.239035 1
0.333449 1
0.077935 1
0.148836 1
0.127206 1
0.077498 1
0.077231 1
0.131109 1
0.932685 1
0.120893 1
0.155023 1
0.131979 1
0.161345 1
0.068656 1
0.079042 1
0.076617 1
1.432541 1
0.083223 1
0.189157 1
0.113473 1
0.170430 1
0.134933 1
0.208416 1
0.065854 1
0.047925 1
0.095077 1
0.129082 1
0.176224 1
0.101355 1
0.130126 1
0.117211 1
0.067032 1
0.149342 1
0.133922 1
0.152805 1
0.140848 1
0.303869 1
0.116992 1
0.230643 1
0.061083 1
0.320964 1
0.160407 1
0.169303 1
0.164281 1
0.225581 1
0.170837 1
0.433600 1
0.659214 1
0.147530 1
0.157735 1
0.068065 1
0.143974 1
0.130527 1
0.142563 1
0.120337 1
0.160278 1
0.113446 1
0.157920 1
0.132389 1
0.193566 1
0.086457 1
0.082411 1
0.166506 1
0.089876 1
0.554196 1
0.622765 1
0.148749 1
0.220715 1
0.413684 1
0.647459 1
0.092654 1
0.233577 1
0.193592 1
0.203923 1
0.387085 1
0.318382 1
0.104734 1
0.226717 1
0.255595 1
0.234752 1
0.160751 1
0.129914 1
0.441391 1
0.624623 4
0.552330 1
0.221488 1
0.350855 1
0.160807 1
0.469144 74
4.826375 1
0.044906 1
0.153088 1
0.257502 1
0.367806 1
0.160826 1
0.799519 1
0.113196 1
0.270451 2
0.795210 1
0.148910 1
0.279222 1
0.083668 1
0.178859 1
0.222103 1
0.249882 2
0.002795 822
0.000373 72
4.069915 79
1.659389 15
0.351564 9
5.591418 17
0.821542 64
0.646661 5
0.136939 5
0.062770 5
0.180793 5
0.096583 5
2.281925 2
0.024135 72
0.766045 1
0.056027 1
0.099329 1
0.047815 1
0.122792 1
3.425495 1
0.121052 1
0.116523 1
0.092814 1
0.121039 1
0.241761 1
0.558233 1
0.822373 1
0.210982 1
0.368412 2
2.009954 1
0.049492 1
0.137995 1
0.196774 1
1.359490 1
0.179338 1
0.366436 4
0.491210 1
0.201255 1
0.202095 4
0.332532 1
0.155967 2
2.156903 21
0.879007 5
0.143491 5
0.002951 5
0.185661 5
0.092915 5
0.452935 2
0.010247 25
0.000408 2
0.001863 72
2.170579 1
1.317977 1
0.483540 4
1.014456 1
0.060205 1
0.089700 1
0.221238 1
0.072377 1
0.122263 1
0.145476 1
0.259589 1
0.065848 1
0.219069 1
0.156665 1
0.067236 1
0.269258 1
0.186110 1
0.168918 1
0.159649 1
0.145898 1
0.219799 1
0.702926 4
0.237818 1
0.131020 1
0.001082 1
0.132399 1
0.144601 1
0.105370 1
0.114549 1
0.177588 1
0.181961 1
0.137911 1
0.256263 1
0.211410 1
0.165142 1
0.141176 1
0.130998 1
0.126294 1
0.157877 1
0.151743 1
0.108097 1
0.128289 1
0.195852 1
0.084458 1
0.133572 1
0.115339 1
0.131740 1
0.091301 1
0.091515 1
0.102286 1
0.246455 1
0.162552 1
0.156748 1
0.935219 74
1.545691 1
1.705295 1
0.543134 1
0.288502 1
0.301344 1
0.246926 1
0.160118 1
0.120775 1
0.121813 1
0.110233 1
0.146434 1
0.113783 1
0.097747 1
0.253843 1
0.131299 1
0.242213 1
0.142765 1
0.101226 1
0.117081 1
0.369365 1
0.302097 1
0.172989 1
0.103451 1
0.412561 4
0.159915 4
0.179244 4
0.317715 1
0.100362 1
0.137757 1
0.175330 1
0.172975 1
0.145054 1
0.095018 1
0.190152 1
0.080875 1
0.173838 1
0.189012 1
0.237068 1
0.174519 1
0.189446 1
0.110285 1
0.185600 1
0.091934 1
0.058562 1
0.278474 1
0.155956 1
0.108225 1
0.524821 1
0.311930 1
0.362655 1
0.343193 1
0.358412 1
1.053403 1
0.111406 1
0.086716 1
0.121245 1
0.082743 1
0.350012 1
0.204413 1
0.072195 1
0.120940 1
0.280543 1
0.085729 1
0.118437 1
0.350406 1
0.511696 1
0.105335 1
0.132026 1
0.471209 1
0.389519 1
0.501034 1
3.680057 17
1.112712 1
0.860866 1
0.140100 1
0.239795 1
0.393539 1
1.195819 1
1.518592 1
0.808449 1
0.092822 1
0.069099 1
0.110251 1
0.419126 1
1.426536 1
0.203147 1
0.252315 1
0.821220 2
0.000168 72
0.842867 1
1.544845 1
0.255962 1
0.088124 1
0.134988 1
0.110505 1
0.173573 1
0.060069 1
0.183741 1
0.084698 1
0.086374 1
0.599041 1
0.084938 1
0.245609 1
0.104938 1
0.236460 1
0.089589 1
0.062310 1
0.151226 1
3.032865 1
0.108780 1
0.213993 1
0.056608 1
0.187711 1
0.141475 1
0.146728 1
0.194470 1
0.090156 1
0.144855 1
0.209308 1
0.307788 1
0.320513 1
0.370818 1
0.185032 1
0.182940 1
4.359462 1
0.366893 1
0.228802 1
1.493591 4
0.502629 1
0.138138 1
0.609787 1
0.262346 1
0.275826 1
0.812546 1
0.157602 1
0.261932 1
0.192683 1
0.217154 1
0.200128 1
0.073221 1
0.496381 1
0.216975 1
1.128076 4
0.175395 4
0.156637 4
0.149084 1
0.393360 4
0.156757 4
0.145329 1
0.244417 1
0.084109 1
0.173490 1
0.119642 1
0.119333 1
0.081711 1
0.177768 1
0.093130 1
0.092834 1
0.154321 1
0.071238 1
0.173623 1
0.092485 1
0.131055 1
0.121938 1
0.215110 1
0.113232 1
0.122546 1
0.053718 1
0.113359 1
0.160712 1
0.073463 1
0.204238 1
0.095370 1
0.119776 1
0.078865 1
0.138963 1
0.450299 1
0.150679 1
0.168641 1
0.355764 2
0.000071 72
6.924381 1
0.124838 1
0.139182 1
1.212833 1
1.183265 1
0.127627 1
0.107636 1
0.841308 1
0.396558 1
0.180752 1
0.144200 1
0.966450 1
0.389861 1
0.905403 1
0.144036 1
0.398529 1
0.798593 1
0.698543 1
0.458803 1
0.715965 1
0.153313 1
0.157689 1
0.326112 1
0.120024 1
0.093838 1
0.131666 1
0.066825 1
0.428756 1
0.131368 1
0.095159 1
0.081298 1
1.322445 1
0.072390 1
0.143248 1
0.818451 1
0.747686 1
0.109622 1
0.093121 1
0.238096 1
0.538455 1
0.757031 1
3.149704 17
1.308261 1
3.228710 11
0.935552 4
1.789119 1
0.952171 1
0.121250 1
0.103167 1
1.313546 1
0.473878 1
0.311117 1
0.457873 1
0.120727 1
0.128793 1
0.098651 1
5.290314 4
0.198419 6
0.170852 5
0.158075 6
0.193814 6
0.174099 6
0.182864 6
0.188070 2
0.344876 3
0.301522 9
0.337896 5
1.100658 5
0.261096 5
0.085077 5
0.105542 5
0.110628 5
0.834036 152
0.000292 72
1.358891 1
0.997574 1
0.269235 1
0.179728 1
0.184843 1
0.103644 1
0.216527 1
0.218493 1
0.207901 1
0.156114 1
0.091324 1
0.098561 1
0.081096 1
0.197133 1
0.104488 1
0.145024 1
0.362349 1
0.089469 1
0.113907 1
0.142947 1
0.217238 1
0.162175 1
0.120208 1
0.566221 1
0.200556 1
0.073810 1
0.088670 1
0.120075 1
0.285549 1
0.199388 1
0.153942 1
0.140143 1
0.089304 1
0.057833 1
0.125491 1
0.164468 1
0.380777 1
0.093426 1
0.183014 1
0.060762 1
0.221294 1
0.116067 1
0.125554 1
0.029975 1
0.138340 1
0.147753 1
1.410876 1
0.084540 1
0.081250 1
0.141994 1
0.152259 1
0.082890 1
0.071926 1
0.059194 1
0.147618 1
0.099967 1
0.095281 1
0.336016 1
0.081085 1
0.153949 1
0.123285 1
0.169809 1
0.228013 1
0.092479 1
0.128572 1
0.114924 1
0.220553 1
0.169332 1
0.134947 1
0.304475 1
0.084355 1
0.128462 1
0.185724 1
0.178385 1
0.069111 1
0.160274 1
0.095848 1
0.086436 1
0.138709 1
0.108215 1
0.094773 1
0.194095 1
0.140631 1
0.210787 1
0.187380 1
0.077567 1
0.257225 1
0.119781 1
0.189409 1
0.184608 1
0.194950 1
0.100844 1
0.202354 1
0.134062 1
0.088162 1
0.166889 1
0.031876 1
0.173529 1
0.096466 1
0.102399 1
0.319669 1
0.204916 1
0.155097 1
0.638238 74
1.096396 103
0.499521 154
0.536427 1
0.500028 1
0.032379 1
0.034381 1
0.033165 1
0.033876 1
0.033038 1
0.033482 1
0.033320 1
0.033586 1
0.034055 1
0.031724 1
0.034297 1
0.032624 1
0.034861 1
0.033112 1
0.033265 1
0.033468 1
0.032296 1
0.033933 1
0.032741 1
0.032576 1
0.033334 1
0.032356 1
0.034133 1
0.033206 1
0.033462 1
0.033231 1
0.034165 1
0.031719 1
0.033076 1
0.034562 1
0.032384 1
0.034440 1
0.034042 1
0.032967 1
0.033033 1
0.033402 1
0.034774 1
0.033403 1
0.032025 1
0.033219 1
0.032918 1
0.034632 1
0.033424 1
0.034001 1
0.033340 1
0.033167 1
0.031903 1
0.033491 1
0.033099 1
0.034459 1
0.032712 1
0.033052 1
0.034352 1
0.032222 1
0.032153 1
0.034214 1
0.034391 1
0.697117 8
1.014335 2
0.056710 72
7.572540 26
1.161862 2
0.009500 60
0.000130 2
0.001463 72
1.197717 1
0.944188 1
0.344658 1
0.102539 1
0.240793 1
0.064763 1
0.083859 1
0.215722 1
0.189324 1
0.097320 1
0.108477 1
0.046650 1
0.141195 1
0.161981 1
0.177026 1
0.135592 1
0.077696 1
0.231257 1
0.141383 1
0.117181 1
0.122600 1
0.154934 1
0.062788 1
0.088441 1
0.146122 1
0.221840 1
0.168271 1
0.163227 1
0.149292 1
0.094087 1
0.234061 1
0.153136 1
0.252932 1
0.097103 1
0.120707 1
0.078159 1
0.117053 1
0.153008 1
0.181359 1
0.081059 1
0.152219 1
0.202020 1
0.249624 1
0.065405 1
0.892193 4
0.163597 4
0.654558 1
0.309935 1
0.071944 1
0.093434 1
0.125826 1
0.163677 1
0.133293 1
0.180445 1
0.157380 1
0.168524 1
0.303912 74
0.487491 1
0.053479 1
0.148531 1
4.324019 11
1.142390 2
0.003695 113
0.000200 72
2.207167 1
0.358393 1
0.070307 1
0.095309 1
0.331852 1
0.140489 1
0.291043 74
11.882649 1
6.016487 75
0.971328 1
4.522161 41
1.025248 1
1.696866 198
1.698002 74
1.391110 1
0.115179 1
0.090376 1
0.083326 1
0.086470 1
0.280320 1
0.085879 1
0.110136 1
0.224091 1
0.169339 1
1.085649 1
1.078367 1
1.881708 1
0.446746 6
1.185264 1
0.210204 4
0.598817 1
0.556338 1
0.107923 1
0.200993 1
0.295004 2
0.006935 70
0.000537 72
1.001534 28
0.970514 6
1.084826 2
0.014349 75
0.000672 72
3.963484 74
2.157138 1
0.080700 1
0.098576 1
0.092843 1
0.079581 1
0.247640 1
0.117595 1
1.139176 1
0.114613 1
0.434796 1
0.220437 2
1.837387 1
0.405443 1
0.500361 1
7.601422 11
1.129389 1
9.886696 17
0.510838 1
5.059679 13
2.246966 1
3.319599 2
0.007886 72
1.365598 58
0.800054 134
2.763834 1
0.080801 1
0.187821 1
0.232267 2
0.003159 76
0.001971 72
1.262185 28
0.834051 6
1.169653 2
0.012127 81
0.001923 72
22.755472 79
2.075136 1
3.446255 74
5.618628 1
1.200272 1
0.435154 1
0.578668 1
0.112763 1
0.230351 1
0.101448 1
0.055061 1
0.170614 1
0.150984 1
0.085479 1
0.177381 1
0.173333 1
0.059104 1
0.157233 1
0.143817 1
0.110160 1
0.137010 1
0.118192 1
0.077194 1
0.059938 1
0.126931 1
0.226237 1
0.171336 1
0.125441 1
0.145131 1
0.446304 1
0.041340 1
0.116829 1
0.135766 1
0.155564 1
0.101594 1
0.063021 1
0.187345 1
0.077573 1
0.107300 1
0.086294 1
0.096449 1
0.137300 1
0.135680 1
0.134593 1
0.675307 4
0.189318 4
0.842551 1
0.234179 1
0.139620 1
0.131898 1
0.055629 1
0.110155 1
0.137835 1
0.053942 1
0.126775 1
0.148425 1
0.277073 1
0.221599 1
0.277749 1
0.234053 1
0.155492 1
0.102230 1
0.116975 1
0.172850 1
0.168418 1
0.140566 1
0.150385 1
0.137100 1
0.767063 1
0.108431 1
0.184099 1
0.234536 1
0.138059 1
0.170450 1
0.143774 1
0.034367 1
0.275041 1
0.163701 1
0.170233 1
1.036616 74
0.452665 1
0.124699 1
0.083405 1
0.125507 1
0.089449 1
1.025296 1
0.132709 1
0.301841 1
0.085889 1
0.094865 1
0.494964 1
1.075016 1
0.430106 1
0.573070 1
1.836835 1
0.388321 1
0.879174 1
0.736123 1
3.374097 13
0.862227 1
0.588547 2
0.011622 72
1.067949 32
0.177731 136
0.576315 146
0.489305 92
1.457490 1
0.456645 1
0.073972 1
0.166383 1
0.292394 2
0.012072 76
0.000751 72
1.223622 29
0.792999 6
0.313437 2
0.011112 81
0.001582 72
1.938037 1
0.602474 1
0.128253 1
0.102378 1
0.162098 1
0.072632 1
0.069133 1
0.189928 1
0.186403 1
0.029799 1
0.154488 1
0.183798 1
0.154329 1
0.063245 1
0.045775 1
0.125924 1
0.070577 1
0.102889 1
0.166648 1
0.144999 1
0.063979 1
0.145902 1
0.224819 1
0.191592 1
0.129352 1
0.160174 1
1.363902 2
0.000220 72
0.765089 26
0.245581 90
0.396479 3
0.432412 57
0.618822 1
0.500185 1
0.033251 1
0.051929 1
0.032977 1
0.034492 1
0.033466 1
0.032198 1
0.033347 1
0.033555 1
0.033773 1
0.032711 1
0.032863 1
0.033164 1
0.033531 1
0.033045 1
0.848644 5
0.433103 5
0.721255 2
0.014239 72
0.850324 32
0.188264 94
0.610437 90
1.672325 1
0.569853 1
0.128252 1
0.468422 4
0.157701 4
0.557724 1
0.082908 1
0.183533 1
0.195589 2
0.012614 76
0.001679 72
0.712602 30
0.653214 6
1.916929 2
0.008839 81
0.001177 72
2.094793 1
0.143069 1
0.209591 1
0.098446 1
0.052512 1
0.222299 1
2.123055 6
0.632826 5
0.134036 6
0.161435 5
0.077082 5
0.555116 18
3.166498 1
0.148732 1
0.367040 1
1.165775 1
3.046802 13
1.137544 2
0.006627 72
0.812060 28
0.184373 49
1.648395 1
0.099587 1
0.177062 1
0.191228 2
0.012228 74
0.000050 2
0.002450 72
0.652925 30
0.560019 6
0.309464 2
0.011952 81
0.001560 72
4.052845 79
7.854857 77
0.778441 1
5.116604 74
0.930428 1
3.755152 23
1.515158 1
2.218155 74
5.137100 1
1.229950 1
0.093248 1
0.345013 1
0.170410 1
0.157020 1
0.279567 1
0.103488 1
0.085625 1
0.043426 1
0.149493 1
0.132523 1
0.146077 1
0.057080 1
0.129165 1
0.239444 1
0.085523 1
0.132794 1
0.185627 1
0.068579 1
0.149750 1
0.069180 1
0.134606 1
0.146643 1
0.150655 1
0.132768 1
0.151605 1
0.170517 1
0.140236 1
0.086414 1
0.156383 1
0.163020 1
0.168680 1
0.155226 1
2.859352 74
1.755161 1
0.147147 1
0.000421 1
0.190093 1
0.077031 1
0.303111 1
0.086930 1
0.154764 1
0.798673 1
0.096034 1
0.216953 1
0.885464 1
1.053725 1
0.094403 1
0.101277 1
0.187140 1
0.088202 1
0.115693 1
1.710547 1
0.598481 1
1.191099 1
0.153255 1
0.116136 1
0.096152 1
0.737439 1
1.676977 1
0.955518 1
0.637216 1
0.183416 1
0.254540 1
0.061190 1
1.212524 1
0.835415 1
0.749691 1
0.629620 1
3.875007 11
1.343544 2
0.020196 7
0.000101 2
0.001707 72
11.590439 46
0.576124 5
0.220150 6
0.580370 1
0.203584 1
0.769114 5
0.244499 5
0.126899 5
0.266838 5
0.323671 2
0.018961 73
0.002752 72
5.484746 1
1.249798 1
0.350863 1
0.720600 1
0.047764 1
0.105559 1
0.148310 1
0.125259 1
0.148461 1
1.782229 1
0.309651 1
0.085322 1
0.306035 1
0.115861 1
0.238739 1
0.104569 1
0.211029 1
1.886907 1
0.187565 1
0.115684 1
0.067079 1
0.162373 1
0.575679 1
0.144369 1
1.971159 1
0.125076 1
0.172014 1
0.128296 1
0.201959 1
0.142038 1
0.101566 1
0.158408 1
0.113488 1
0.420209 1
0.150374 1
0.285360 1
0.110187 1
0.074012 1
0.069602 1
0.106426 1
0.125900 1
0.068820 1
0.071002 1
0.117530 1
0.224420 1
0.338626 1
0.182477 1
0.112907 1
0.121271 1
0.139183 1
0.160540 1
0.302092 1
0.360149 1
0.065359 1
0.090026 1
0.251857 1
0.085625 1
0.089377 1
0.140176 1
0.105738 1
0.249751 1
0.181601 1
0.117308 1
0.212103 1
0.080684 1
0.125863 1
0.132509 1
0.231608 1
0.274067 1
0.552610 4
0.173432 4
1.374957 1
0.220216 1
0.664252 1
0.084236 1
0.057391 1
0.174519 1
0.215698 1
0.119215 1
0.116543 1
0.129067 1
0.101068 1
0.256176 1
0.120595 1
0.249887 1
0.190924 1
0.160943 1
0.228232 1
0.078168 1
0.154076 1
0.233985 1
0.081091 1
0.183784 1
0.110771 1
0.186453 1
0.408148 74
3.645376 1
0.916080 1
0.112186 1
0.022328 1
0.182950 1
0.000262 1
0.609497 4
0.160300 4
0.337273 1
0.113676 1
0.489395 4
0.500070 4
0.033460 4
0.031528 4
0.034018 4
0.811247 1
0.429654 1
0.093013 1
0.000400 1
0.125240 1
0.161083 1
0.115747 1
0.039425 1
0.078202 1
0.091608 1
0.202386 1
0.097961 1
0.181543 1
0.078009 1
0.221407 1
0.165016 1
0.200375 1
0.034150 1
0.071867 1
0.161451 1
0.182099 1
0.104663 1
0.162995 1
0.166973 1
0.077838 1
0.146228 1
0.096450 1
0.171874 1
0.098508 1
0.151865 1
0.129556 1
0.117352 1
0.167130 1
0.072197 1
0.098716 1
0.157974 1
0.177160 1
0.189336 1
0.153101 1
1.613697 1
0.225285 1
0.139034 1
0.034358 1
0.094800 1
0.179502 1
0.226762 1
0.049844 1
0.090387 1
0.131142 1
0.143907 1
0.088179 1
0.091383 1
0.368741 1
0.104957 1
0.090474 1
0.139967 1
0.168165 1
0.595155 1
0.616255 1
0.149580 1
0.351932 1
0.159475 1
0.155134 1
0.408327 74
1.670567 1
0.121611 1
0.076830 1
0.121998 1
0.084055 1
0.757841 1
0.108535 1
0.201123 1
0.687567 1
0.080833 1
0.160983 1
0.311951 1
1.611191 1
0.121124 1
0.078116 1
0.301642 1
0.203000 1
0.131641 1
0.712893 1
1.680943 1
1.183857 1
0.940193 1
0.652091 1
2.487138 4
0.465954 4
2.888839 15
1.523363 1
0.322486 1
0.177559 1
0.403422 1
0.243776 1
0.117955 1
0.756695 1
0.645647 1
0.116055 1
0.139348 1
0.671401 1
0.508058 1
2.991873 11
0.970730 4
0.248919 1
6.664277 2
0.012726 72
5.676854 1
1.122190 1
0.055944 1
2.545391 1
0.484274 1
0.279667 1
0.127772 1
0.116103 1
0.077098 1
0.490664 1
0.069244 1
0.065764 1
0.164557 1
0.095802 1
0.078711 1
0.086617 1
0.153268 1
0.139355 1
0.188225 1
0.111623 1
0.128602 1
0.169866 1
0.107816 1
0.092083 1
0.198617 1
0.060360 1
0.139086 1
0.118246 1
0.126173 1
0.166506 1
0.177874 1
0.212699 1
0.282689 1
0.171199 1
0.126113 1
0.189932 1
0.164869 1
0.125729 1
0.083271 1
0.280676 1
0.065094 1
0.073667 1
0.103646 1
0.203243 1
0.185817 1
0.080422 1
0.178432 1
0.100762 1
0.093972 1
0.241206 1
0.084309 1
0.160653 1
0.090625 1
0.164849 1
0.129416 1
0.157701 1
0.048489 1
0.116960 1
0.108968 1
0.150820 1
0.138379 1
0.096176 1
0.248999 1
0.072637 1
0.170356 1
0.119395 1
0.177298 1
0.029088 1
0.097175 1
0.116773 1
1.324875 11
1.035748 74
0.922366 74
6.184641 46
1.057334 2
0.018284 9
0.000110 63
0.000147 2
0.002564 72
1.268799 1
0.573030 1
1.275747 4
0.663419 1
0.226892 1
0.132732 1
0.271603 1
0.241604 1
0.132306 1
0.122438 1
0.098168 1
0.098682 1
0.122441 1
0.137533 1
0.090037 1
0.144732 1
0.084867 1
0.083418 1
0.162621 1
0.152784 1
0.075383 1
0.179617 1
0.244318 1
0.184073 1
0.673417 2
0.000275 72
15.458672 12
1.384582 1
0.201589 1
0.198876 1
0.084457 1
5.877054 25
1.589882 1
0.360863 1
0.487426 1
2.609941 11
1.309325 2
0.015083 13
0.002854 72
1.351956 1
1.020504 1
0.643967 1
0.155650 1
0.144507 1
0.268576 1
0.108324 1
0.099417 1
0.210531 1
0.180608 1
0.084543 1
0.125451 1
0.056233 1
0.267398 1
0.081201 1
0.304978 1
0.113360 1
0.124800 1
0.139776 1
0.079940 1
0.045060 1
0.117004 1
0.161995 1
0.057559 1
0.253776 1
0.056421 1
0.183471 1
0.116706 1
0.181260 1
0.092574 1
0.187706 1
0.088269 1
0.169169 1
0.077515 1
0.195959 1
0.168361 1
0.182273 1
0.170377 1
0.367247 1
0.225386 1
0.290109 1
0.189074 1
0.068614 1
0.109340 1
0.164179 1
0.179401 1
0.176661 1
0.607533 4
0.500133 4
0.033759 4
0.033453 4
0.033054 4
0.033830 4
0.032668 4
0.032747 4
0.033917 4
0.692660 1
0.073848 1
0.200644 1
0.130526 1
0.285120 1
0.123383 1
0.286147 1
0.034403 1
0.105431 1
0.194763 1
0.316165 4
0.501967 4
0.636616 1
0.557339 4
0.108269 1
0.137358 1
0.195152 1
0.188455 1
0.105026 1
0.131962 1
0.144285 1
0.049039 1
0.117435 1
0.164406 1
0.097717 1
0.054348 1
0.117171 1
0.135287 1
0.131233 1
0.105061 1
0.070881 1
0.056492 1
0.119029 1
0.676878 1
0.193361 1
0.273590 1
0.085391 1
0.224266 1
0.072699 1
0.044945 1
0.245876 1
0.165257 1
0.263573 74
2.944602 1
0.089723 1
0.148243 1
0.029236 1
0.126298 1
0.326691 1
0.114009 1
0.120928 1
0.152093 1
0.073398 1
0.153410 1
3.298273 15
0.394093 1
0.550804 1
0.109077 1
0.137202 1
0.146404 2
0.012052 73
0.001581 72
0.495456 30
0.923471 6
0.296171 2
0.006911 74
0.000157 72
3.477673 1
0.128507 1
0.073828 1
0.133923 1
0.086433 1
0.530569 1
0.131621 1
0.263780 1
0.089362 1
0.067150 1
0.409338 1
0.893117 1
0.202593 1
0.382729 1
0.384258 1
2.992043 15
2.192202 2
0.009372 72
2.995561 1
0.928919 1
0.456123 1
0.479859 1
0.080353 1
0.114019 1
0.098722 1
0.281741 1
0.065516 1
0.109431 1
2.920879 4
0.175908 4
0.181723 4
0.221791 4
0.407261 1
0.364205 1
0.048039 1
0.087978 1
0.161273 1
0.153677 1
0.069469 1
0.113612 1
1.019425 1
0.101359 1
0.105535 1
0.035643 1
0.129731 1
0.129653 1
0.309903 1
0.109553 1
0.062609 1
0.205402 1
0.089918 1
0.102271 1
0.176218 1
0.139664 1
0.102954 1
0.060012 1
0.303461 1
0.170045 1
0.361580 74
9.311463 79
1.160780 46
1.041421 2
0.016339 119
0.002150 72
2.288940 1
0.830092 1
0.451955 1
0.106915 1
0.140721 1
0.269320 1
0.192186 1
0.193085 1
0.165723 1
0.195129 1
0.232807 1
0.116854 1
0.202156 1
0.109754 1
0.106517 1
0.266750 1
0.196091 1
0.110043 1
0.127214 1
0.115232 1
0.052326 1
0.074982 1
0.105088 1
0.164906 1
0.292959 1
0.158212 1
0.180947 1
0.287013 1
0.056964 1
0.229578 1
0.229500 1
0.201646 1
0.156624 1
0.161743 1
0.149331 1
0.207110 1
0.072581 1
0.041275 1
0.211582 1
0.093330 1
0.730910 4
0.183804 4
0.166837 4
0.105931 1
0.157825 1
0.118458 1
0.350222 1
0.029145 1
0.163310 1
0.165655 1
0.073940 1
0.050707 1
0.092071 1
0.131282 1
0.081089 1
0.181533 1
0.101673 1
0.284296 1
0.140583 1
0.139457 1
0.060568 1
0.277450 1
0.268960 1
0.190821 1
0.163067 1
0.130684 1
0.134903 1
0.310385 1
0.155921 1
0.057490 1
0.105229 1
0.123882 1
0.098088 1
0.121649 1
0.077676 1
0.239731 1
0.089144 1
0.135243 1
0.103710 1
0.158911 1
0.076165 1
0.101886 1
0.116561 1
0.244067 1
0.333778 1
0.240266 1
0.454395 1
0.343043 1
0.940799 1
0.341918 1
0.121200 1
0.202936 1
0.654764 4
0.195548 4
0.185394 1
0.065796 1
0.125926 1
0.844081 1
0.161993 1
0.175771 1
0.173889 1
0.141270 1
0.197114 1
0.205412 1
0.288053 1
0.478336 1
0.109836 1
0.079003 1
0.135676 1
0.139222 1
0.073691 1
0.103728 1
0.202529 1
0.185046 1
0.073884 1
1.047029 1
0.115206 1
0.088665 1
0.187272 1
0.503728 4
0.106717 1
0.184969 1
0.128935 1
0.201486 1
0.132285 1
0.132559 1
0.082647 1
0.132761 1
0.117272 1
0.621704 1
0.188962 1
0.157174 1
0.185683 1
0.144081 1
0.090020 1
0.121376 1
0.103339 1
0.057437 1
0.044399 1
0.208532 1
0.105792 1
0.214363 1
0.183403 1
0.280814 1
0.137939 1
0.063036 1
0.084794 1
0.132317 1
0.443328 1
0.168867 1
0.152940 1
0.260821 2
0.000201 72
1.028622 139
0.189426 113
0.738881 1
0.500546 1
0.032529 1
0.033144 1
0.032580 1
0.034797 1
0.032752 1
0.032615 1
0.032970 1
0.032990 1
0.033571 1
0.032988 1
0.033342 1
0.033457 1
0.033004 1
0.033448 1
0.033379 1
0.135394 3
0.240787 3
0.177649 3
0.171190 3
3.435292 15
1.210750 1
0.500136 1
0.033262 1
0.699537 2
0.022648 66
0.003077 72
0.738868 56
0.313706 1
0.498833 1
0.034137 1
0.033195 1
0.032936 1
0.032697 1
0.033535 1
0.032943 1
0.033334 1
0.033292 1
0.033045 1
0.032637 1
0.032899 1
0.033578 1
0.033303 1
0.033548 1
0.032200 1
0.033268 1
0.033363 1
0.032877 1
0.032935 1
0.033072 1
0.033523 1
0.032531 1
0.033235 1
0.033582 1
0.033144 1
0.032215 1
0.032945 1
0.033357 1
0.033106 1
0.034421 1
0.032380 1
0.033017 1
0.033679 1
0.032793 1
0.031955 1
0.033302 1
0.033486 1
0.033201 1
0.032469 1
0.288766 3
0.266919 3
0.374604 5
0.200261 5
0.162414 5
0.163607 5
0.162331 5
0.552358 5
0.072163 5
0.154645 5
0.074440 9
1.345713 2
0.018633 51
0.002373 72
2.422956 1
0.681259 1
0.580590 1
0.094143 1
0.905986 1
0.048240 1
0.256231 1
0.258915 1
0.092573 1
0.293496 1
0.150207 1
0.129130 1
0.317780 2
0.000304 72
3.145510 1
1.036680 1
0.596871 1
0.080586 1
0.261892 1
0.166528 1
0.267993 1
0.068168 1
0.307469 1
0.096822 1
0.077473 1
0.135541 1
0.171000 1
0.175451 1
0.103234 1
0.121147 1
0.142880 1
0.151443 1
0.053039 1
0.101287 1
0.197077 1
0.131681 1
0.160733 1
0.199178 1
0.145531 1
0.112674 1
0.106531 1
0.179133 1
0.133006 1
0.143138 1
0.064563 1
0.120899 1
0.138499 1
0.207535 1
0.235397 1
0.142569 1
0.076301 1
0.074739 1
0.078834 1
0.217049 1
0.170336 1
0.182703 1
0.179114 1
0.177020 1
0.358184 74
2.308547 44
0.200634 81
0.445642 67
1.556260 79
0.499830 54
0.034636 67
0.031493 1
0.034489 1
0.031924 1
0.032464 1
0.033853 1
0.032787 1
0.032958 1
0.033150 1
1.484063 1
0.109097 1
0.299584 4
0.164064 4
0.165646 1
0.294188 1
0.168582 1
0.178486 1
0.262849 1
0.089728 1
1.668556 1
0.105303 1
0.173257 1
0.175485 1
0.058199 1
0.134312 1
0.570510 4
0.532798 1
0.537689 1
0.784964 1
0.776861 1
0.364348 6
2.167775 99
0.896665 2
0.012436 11
0.000513 77
0.000155 2
0.000100 67
0.000182 2
0.000301 65
0.000088 2
0.000075 2
0.000133 15
0.000197 2
0.000179 7
0.000055 2
0.000289 2
0.000155 15
0.000142 9
0.000086 2
0.000003 63
0.000036 2
0.000054 2
0.000043 13
0.000040 2
0.000057 7
0.000039 2
0.000047 70
0.000039 2
0.001008 72
2.357583 1
0.101811 1
0.014504 1
0.177056 1
0.108397 1
0.332203 1
0.104795 1
0.400621 4
0.500160 4
0.034040 4
0.032198 4
0.033494 4
0.033434 4
0.033252 4
0.033049 1
0.033324 1
0.034250 1
0.033526 1
0.033308 1
0.032370 1
0.309209 1
0.168089 1
0.044745 1
0.147773 1
0.101819 1
0.462088 1
0.084340 1
0.280909 1
0.105324 1
4.091282 8
1.307752 1
0.124186 4
3.339499 11
0.949064 2
0.006874 13
0.000632 72
0.977212 74
3.135725 1
1.122977 1
0.684174 1
0.089230 1
0.110518 1
0.176769 1
0.227837 1
0.080573 1
0.050743 1
0.120574 1
0.117624 1
0.506148 1
0.104204 1
0.070779 1
0.198153 1
0.323794 1
0.239338 1
0.518392 1
0.212596 1
0.265401 1
0.194043 1
0.089420 1
0.130697 1
0.256515 1
0.225126 1
0.164204 1
0.212344 1
0.151475 1
0.111297 1
0.113347 1
0.158705 1
0.175753 1
0.096956 1
0.071718 1
0.151437 1
0.095429 1
0.130585 1
0.249920 1
0.155268 1
0.077391 1
0.029241 1
0.087754 1
0.180272 1
0.163406 1
0.171775 1
0.047568 1
0.119400 1
0.175116 1
0.110458 1
0.061610 1
0.179717 1
0.108739 1
0.320338 1
0.171102 1
0.153698 1
0.267420 74
3.713220 1
0.136964 1
0.013997 1
0.162587 1
0.096477 1
0.105502 1
0.128993 1
0.138461 1
0.711493 1
1.224866 4
0.732072 1
0.077225 1
0.192801 1
0.585205 1
0.934374 1
0.132258 1
0.091157 1
0.197522 1
0.142080 1
0.100691 1
1.534420 1
0.737976 1
0.199273 1
0.617312 1
3.978657 24
4.779461 1
0.902167 1
6.003273 11
1.202298 2
0.015848 51
0.003559 72
6.402774 59
1.111944 67
26.055245 1
1.000657 1
0.187011 1
0.166902 1
0.275602 1
0.120250 1
0.041585 1
0.239983 1
0.108213 1
0.086213 1
0.224112 1
0.073531 1
0.148939 1
0.113841 1
0.142275 1
0.086350 1
0.117107 1
0.208290 1
0.073139 1
0.098098 1
0.173976 1
0.053075 1
0.095627 1
0.973881 1
0.113116 1
0.130722 1
0.077739 1
0.077932 1
0.097354 1
0.192400 1
0.167979 1
0.272484 1
0.125043 1
0.045958 1
0.111044 1
0.145814 1
0.315729 1
0.177205 1
0.168370 1
0.177693 1
0.755175 1
0.098704 1
0.204856 1
0.250406 1
0.097362 1
0.114176 1
0.231247 1
0.176388 1
0.081211 1
0.251594 1
0.088761 1
0.695689 1
0.092827 1
0.188388 1
1.367428 1
0.080767 1
0.388890 1
0.168273 1
0.108247 1
0.295469 1
0.113701 1
0.315598 1
0.138934 1
0.301555 1
0.140622 1
0.211858 1
0.219044 1
1.246846 2
0.000255 72
0.116921 74
1.985631 1
0.606279 1
0.373946 1
0.232324 1
0.109373 1
0.062017 1
0.151963 1
0.072325 1
0.086240 1
0.099504 1
0.163436 1
0.108084 1
0.078052 1
0.183369 1
0.090533 1
0.086370 1
0.152596 1
0.048936 1
0.122365 1
0.097995 1
0.179539 1
0.251284 1
0.056904 1
0.173438 1
0.169071 1
0.065780 1
0.122078 1
0.281394 1
0.045627 1
0.165790 1
0.148930 1
0.151838 1
0.440995 2
0.000226 72
4.420932 1
0.114395 1
0.079804 1
0.097719 1
0.101897 1
0.218051 1
0.104683 1
0.273231 1
0.089637 1
0.090941 1
0.570491 1
0.683504 1
0.522135 4
0.859749 1
0.471841 1
0.679153 1
1.847909 1
0.170966 1
0.701828 1
0.596678 1
1.302771 1
1.284600 1
0.467057 6
1.234799 1
0.159211 4
2.452686 2
0.008373 72
1.946536 31
0.194922 96
0.610667 133
0.495886 127
0.573584 123
0.477102 102
0.522709 99
3.238393 2
0.010755 9
0.000160 2
0.000404 8
0.000070 2
0.000216 67
0.000154 2
0.000116 67
0.000134 2
0.000071 65
0.000123 2
0.000189 2
0.000148 15
0.000130 2
0.000176 7
0.000114 2
0.000201 2
0.000108 15
0.000128 2
0.000266 7
0.000134 2
0.000164 63
0.000129 2
0.000170 2
0.000130 13
0.000159 2
0.000212 7
0.000231 2
0.000109 70
0.000135 2
0.001313 72
7.724195 1
0.725757 4
0.514562 1
0.994623 1
1.068605 1
0.096256 1
0.059154 1
0.149765 1
0.137530 1
0.157918 1
0.074334 1
0.141126 1
0.408816 1
0.166612 1
0.142082 1
0.270804 1
0.134050 1
0.165769 1
0.216355 1
0.124219 1
0.156579 1
0.024204 1
0.153287 1
0.125524 1
0.142134 1
0.215645 1
0.077459 1
0.234016 1
0.115448 1
0.094700 1
0.112055 1
0.137383 1
0.108675 1
0.092938 1
0.098130 1
0.120882 1
1.853715 1
0.104775 1
0.361209 1
0.263033 1
0.258060 1
0.527736 1
0.175880 1
0.119635 1
0.161643 1
0.136449 1
0.436972 1
0.121014 1
0.108305 1
0.207005 1
0.059983 1
0.087588 1
0.263731 1
0.068654 1
0.126534 1
2.850167 1
0.160987 1
0.106990 1
0.144567 1
0.108498 1
0.161849 1
0.131671 1
0.166224 1
0.180586 1
0.195408 1
0.071683 1
0.185811 1
0.211439 1
0.163431 1
0.196507 1
0.109904 1
0.141407 1
0.085877 1
0.161788 1
0.081406 1
0.151308 1
0.295652 1
0.918830 1
0.124150 1
0.175146 1
0.124850 1
0.168113 1
0.084746 1
0.118922 1
0.180498 1
0.124508 1
0.089560 1
0.110263 1
0.299239 1
0.179440 1
0.723870 74
1.497607 79
0.972335 88
0.521350 87
1.824510 41
1.017506 96
0.767602 133
0.792888 103
0.224197 99
0.359567 96
0.221723 133
0.167190 127
0.193305 123
0.589320 123
1.220082 2
0.020302 72
0.726590 59
0.620505 4
0.106843 1
0.287763 2
0.019335 72
5.130939 59
1.593047 4
0.100155 1
0.521731 1
0.500446 1
0.032358 1
0.033456 1
0.032827 1
0.032975 1
0.033015 1
0.033234 1
0.033546 1
0.033273 1
0.033501 1
0.033542 1
0.031735 1
0.727053 5
0.500689 5
0.032670 5
0.032955 5
0.033453 5
0.033469 5
0.033366 5
0.032188 5
0.034691 5
0.033188 5
0.033263 5
0.033816 5
0.219021 5
0.192633 5
0.172979 5
0.380280 5
4.236329 5
0.774821 1
0.501204 1
0.033588 1
0.032747 1
0.033119 1
0.033821 1
0.033258 1
0.032832 1
0.276668 1
0.197136 1
0.527002 5
0.500521 5
0.033435 5
0.033108 5
0.033638 5
0.187280 5
0.194079 5
0.167089 5
0.207687 5
0.838228 5
0.103903 5
0.158975 9
0.112739 5
0.066842 5
0.135729 9
1.113243 3
0.501003 3
0.032265 3
0.033067 3
0.032387 3
0.033269 3
0.033535 3
0.033448 3
0.033356 3
0.033053 3
0.828983 5
0.162945 5
0.223153 5
0.084712 5
0.263987 5
5.035992 2
0.018363 119
0.002531 72
1.328437 46
0.405620 1
0.499771 1
0.034025 1
0.033326 1
0.033536 1
0.032626 1
0.033293 1
0.032523 1
0.033242 1
0.033049 1
0.032584 1
0.033349 1
0.430906 1
0.981170 5
0.606370 5
0.388947 5
0.185784 5
0.263786 5
0.294767 5
0.120319 5
0.468449 5
0.631207 5
0.154230 5
0.141756 5
1.314600 1
0.499490 1
0.033476 1
0.032211 1
0.034511 1
0.033292 1
0.033157 1
0.032659 1
0.034306 1
0.033944 1
0.031933 1
0.033470 1
0.032834 1
0.033561 1
0.033857 1
0.032051 1
0.033815 1
0.033303 1
0.032873 1
0.032207 1
0.034225 1
0.033788 1
0.033021 1
0.033871 1
0.032790 1
0.033314 1
0.315637 1
0.532313 5
0.170390 5
0.169072 9
0.157079 5
0.167943 5
0.291135 5
0.152837 5
0.300655 5
2.268146 2
0.019987 49
0.000110 2
0.002371 72
4.084275 1
0.926861 1
0.289839 1
0.107723 1
0.226943 1
0.124542 1
0.106698 1
0.477249 1
0.085989 1
0.113756 1
0.158915 1
0.492786 1
0.124922 1
0.386072 1
0.153020 1
0.182499 1
0.232682 1
0.160545 1
0.065461 1
0.090892 1
0.078297 1
0.594302 1
0.101025 1
0.086563 1
0.146021 1
0.116280 1
0.103559 1
0.132300 1
0.178707 1
0.173192 1
0.123372 1
0.196528 1
0.077271 1
0.174034 1
0.060162 1
0.158555 1
0.132725 1
0.180493 1
0.185649 1
0.108294 1
0.121530 1
0.227873 1
0.184395 1
0.105263 1
0.141044 1
0.109540 1
0.121735 1
0.094331 1
0.144127 1
0.154002 1
0.143617 1
0.091287 1
0.122135 1
0.145055 1
0.125751 1
0.128052 1
0.173724 1
0.201970 1
0.065323 1
0.239041 1
0.233559 1
0.095150 1
0.154137 1
0.161134 1
0.172908 1
0.175396 1
1.313007 74
1.076484 1
0.161941 1
0.056514 1
0.134302 1
0.078979 1
0.268626 1
0.168712 1
1.011063 1
0.126766 1
3.888698 24
0.585291 1
0.538578 2
0.010648 26
0.000128 11
0.000176 2
0.002371 72
4.156181 1
0.502505 1
0.966875 1
0.158910 1
0.149492 1
0.097090 1
0.071276 1
0.145682 1
0.090705 1
0.240551 1
0.237883 1
0.137466 1
0.131463 1
0.112426 1
0.099004 1
0.475728 1
0.511309 2
0.000371 72
1.471379 8
0.005046 37
0.022918 153
0.005351 92
0.000719 8
0.000146 32
0.749589 17
