0.191300 153
0.000970 92
0.000277 8
0.000009 32
1.425460 24
0.855728 26
0.052059 34
2.150543 2
0.380191 1137
0.043655 72
1.212002 79
1.408012 1
0.894922 1
0.668356 1
0.065648 1
0.100616 1
0.305661 1
0.113042 1
0.783798 1
0.072865 1
0.113936 1
0.317463 1
1.889543 1
0.671443 1
0.173735 1
0.114879 1
0.103618 1
0.117094 1
0.475245 1
0.477790 74
4.203569 1
0.375171 1
0.335927 1
0.139389 1
0.116428 1
0.139634 1
0.594844 1
0.619817 4
0.739004 1
0.281144 1
0.167996 1
0.611890 1
0.570282 1
0.111714 1
0.100340 1
0.299991 1
0.074368 1
0.171790 1
0.112977 1
0.132206 1
1.283392 1
0.160899 1
1.182256 1
2.694697 1
0.428144 1
0.155888 1
0.489014 1
0.190167 1
0.121855 1
0.176658 1
1.397727 1
0.842643 1
0.281668 1
0.149342 1
0.161198 1
0.125355 1
0.199604 1
0.888988 1
1.451837 1
0.124097 1
0.236038 1
0.193373 1
0.225771 1
0.161207 1
0.240796 1
0.077369 1
0.044627 1
1.424147 1
1.217860 1
1.392511 1
0.208426 1
0.295656 1
0.134806 1
0.164686 1
0.101585 1
0.153067 1
2.535482 1
0.287049 1
1.087520 1
0.177123 1
0.974752 1
0.930568 1
0.841684 1
1.275280 2
0.003182 72
1.267629 1
0.072184 1
0.114514 1
0.318291 2
0.989732 1
0.448823 11
1.279856 2
0.002266 376
0.000358 155
0.000063 2
0.000226 74
0.000082 113
0.000029 23
0.000284 2
0.000747 72
1.194951 1
0.140096 1
0.124905 1
0.101694 1
0.359007 1
1.818180 1
0.371784 11
0.890279 1
0.666990 1
0.310621 1
0.205488 1
0.261275 1
0.090638 1
0.231257 1
0.329927 1
0.324590 1
0.608312 2
0.002383 34
0.000176 145
0.000144 78
0.000111 29
0.000213 29
0.000075 52
0.000343 32
0.000120 96
0.000085 30
0.000104 2
0.000938 72
5.745394 79
1.488767 1
0.138040 1
0.089655 1
0.145569 1
0.074427 1
0.184427 1
0.968403 6
0.948856 5
0.568579 5
0.851419 18
0.630361 1
0.149347 1
0.179153 1
0.078205 1
0.047831 1
0.074602 1
0.167027 1
0.200924 1
0.170567 1
0.118594 1
0.256476 1
0.239885 1
0.167538 1
0.109251 1
0.366642 1
0.114165 1
0.106755 1
1.230297 1
0.113863 1
0.191261 1
0.112753 1
0.128267 1
0.089003 1
0.059103 1
0.106638 1
1.083154 1
0.077323 1
0.146514 1
0.170158 1
0.036059 1
0.191996 1
0.077719 1
0.072470 1
0.183313 1
0.201352 1
0.065959 1
0.185360 1
0.139315 1
0.205375 1
0.113439 1
0.184370 1
0.114257 1
0.113769 1
0.146896 1
0.190679 1
0.096470 1
0.152589 1
0.176177 1
0.279557 1
0.162769 1
0.038966 1
0.099793 1
0.138789 1
0.366146 1
0.175345 1
0.173023 1
0.139501 1
0.960678 1
0.101167 1
0.171395 1
0.033321 1
0.121270 1
0.130584 1
0.135213 1
0.188051 1
0.116677 1
0.137843 1
0.220751 1
0.077216 1
0.091700 1
0.410524 1
0.168485 1
0.206698 1
0.068728 1
0.174176 1
0.137757 1
1.759847 1
0.071655 1
0.276192 1
0.179806 1
0.208156 1
0.145533 1
0.201519 1
0.071925 1
0.073475 1
0.081305 1
0.094938 1
0.095229 1
0.276441 1
0.101762 1
0.160446 1
0.502918 1
0.160626 1
0.444090 1
0.172295 1
0.382218 1
0.156161 1
0.486641 74
0.928759 105
0.198534 93
0.743827 85
0.448214 78
1.354752 61
0.565679 5
0.194768 5
0.092641 5
0.072037 5
0.095514 5
1.239394 183
1.239059 66
0.859438 3
0.217102 3
0.400157 3
0.366928 3
0.647852 5
0.603130 1
0.263416 5
1.176553 189
0.682764 1
0.375718 1
0.516822 1
1.940037 1
2.281948 1
0.447207 10
2.470070 1
0.942464 1
0.127706 1
0.157044 1
0.092695 1
2.501469 1
0.814780 1
0.450430 1
0.098128 1
0.108230 1
0.421671 74
0.766322 1
0.069513 1
0.117760 1
0.079853 1
2.700196 21
0.882129 2
0.002019 64
0.000761 72
1.735869 1
0.655402 1
0.400167 1
0.047804 1
0.213546 1
0.118255 1
0.111778 1
0.069449 1
0.177417 1
0.174907 1
0.117256 1
0.197268 1
0.163528 1
0.161356 1
0.131324 1
0.165374 1
0.166133 1
0.073827 1
0.162596 1
0.153080 1
0.049854 1
0.253320 1
0.141806 1
0.145864 1
0.536439 74
0.547590 1
0.466002 1
0.977155 21
0.698768 74
0.278482 23
0.187091 88
1.381819 89
0.531845 2
0.002113 72
1.921098 1
0.056609 1
0.105301 1
0.263355 5
0.418230 1
0.344425 1
0.109632 1
0.087583 1
0.000387 1
0.129528 1
0.883756 4
0.182668 4
0.178814 4
0.152767 4
0.316863 1
0.089208 1
0.077864 1
0.587375 1
1.150769 1
1.851855 4
0.518994 1
0.982626 1
0.101913 1
0.089917 1
0.334349 1
0.085325 1
0.135826 1
0.091827 1
0.119463 1
1.448377 2
0.000735 999
0.000422 72
4.910746 1
0.665930 1
0.320007 1
0.183027 1
0.136429 1
0.104586 1
0.176536 1
0.277756 1
0.196088 1
0.196993 1
0.192017 1
0.149172 1
0.286984 1
0.185796 1
0.130957 1
0.869545 1
0.182727 1
0.101252 1
0.197938 1
0.120938 1
0.098370 1
0.250720 1
0.132007 1
0.203401 1
0.084588 1
0.414434 1
0.296894 1
0.187825 1
0.111483 1
0.099017 1
0.122619 1
0.062555 1
0.115048 1
0.148366 1
0.171227 1
0.184286 1
0.148171 1
0.094934 1
0.134103 1
0.159556 1
0.165973 1
0.134507 1
0.139710 1
0.158175 1
0.242916 1
0.060865 1
0.372527 1
0.153826 1
0.244224 1
0.091523 1
0.077944 1
0.082435 1
0.141912 1
0.113259 1
0.039329 1
0.067974 1
0.110580 1
2.762333 1
0.175188 1
0.259763 1
0.139406 1
0.174711 1
0.087168 1
0.157948 1
0.085723 1
0.121467 1
0.198679 1
0.222731 1
0.136538 1
0.177571 1
0.117043 1
0.158198 1
0.266351 1
0.185741 1
0.148733 1
0.239495 1
0.101265 1
0.358814 1
0.159769 1
0.106195 1
0.150145 1
0.056413 1
0.110764 1
0.053722 1
0.259267 1
0.220288 1
0.306621 1
0.476893 4
0.260764 1
0.113445 1
0.229610 1
0.096022 1
0.071034 1
0.092977 1
0.147320 1
0.072640 1
0.220171 1
0.216474 1
0.171244 1
0.176097 1
0.096427 1
0.127834 1
0.115343 1
0.093134 1
0.114330 1
0.131742 1
0.094990 1
0.185004 1
0.109582 1
0.135317 1
0.132413 1
0.036407 1
0.110534 1
0.172293 1
0.150253 1
0.171687 1
0.353444 4
0.162030 4
0.127824 1
0.158946 1
0.207977 1
0.145083 1
0.209270 1
0.053767 1
0.263494 1
0.185191 1
2.832450 1
2.896428 1
0.406726 1
0.892091 1
0.143518 1
0.171041 1
0.553071 1
0.250464 1
0.137939 1
0.127487 1
0.092513 1
0.148338 1
0.141729 1
0.081936 1
0.108880 1
0.279028 1
0.733837 74
0.999505 1
0.049601 1
0.124157 1
0.245398 5
0.299940 1
0.364449 1
0.111238 1
0.115204 1
0.044376 1
0.093146 1
2.117191 1
0.216320 1
0.565950 1
2.948002 2
0.002913 292
0.000387 72
4.473329 1
0.844741 1
1.242313 1
0.187325 1
0.266102 1
0.173496 1
0.089289 1
0.055407 1
0.141959 1
0.400763 1
0.140665 1
0.201000 1
0.138814 1
0.059063 1
0.258426 1
0.167175 1
0.105493 1
0.057911 1
0.303437 1
0.167782 1
1.110727 74
1.031912 20
0.165639 41
1.091695 1
0.303334 1
0.424698 1
0.069031 1
0.092601 1
0.028041 1
0.131805 1
0.897720 1
0.195650 1
0.204597 1
0.757750 1
0.067619 1
0.142497 1
0.369318 1
0.181879 1
0.533063 1
0.071511 1
0.682493 4
3.590780 1
1.529018 1
1.742204 8
3.821088 5
0.842550 5
0.693427 2
0.579072 6
0.789799 5
0.833740 12
0.184390 9
0.504814 3
0.855023 5
1.958940 24
0.352111 1
0.480128 4
0.178899 4
0.146889 1
2.641483 1
1.322512 1
0.541076 2
0.005127 70
0.000089 72
2.243095 1
0.486173 1
0.138504 1
0.121014 1
0.118464 1
0.129405 1
0.103667 1
0.213235 1
0.270134 1
0.139758 1
0.123928 1
1.322851 74
1.713139 11
0.948741 50
0.909222 1
0.519871 1
1.433130 1
1.438770 21
1.081147 2
0.006667 72
0.863975 1
0.090884 1
0.316218 1
0.151582 1
0.487078 21
0.853101 2
0.002463 70
0.000387 72
2.250268 1
0.493253 1
0.128874 1
0.169319 1
0.132852 1
0.152528 1
0.105328 1
0.095515 1
0.092625 1
0.151222 1
0.125287 1
0.174622 1
0.194373 1
0.167767 1
0.110818 1
0.113766 1
0.135812 1
0.192019 1
0.441956 1
0.170931 1
0.168506 1
0.134919 1
0.177355 1
0.136683 1
0.092605 1
0.051300 1
0.106606 1
0.102032 1
0.155905 1
0.059341 1
0.126247 1
0.376349 1
0.121950 1
0.047998 1
0.649308 4
0.182738 4
0.169906 4
0.112171 1
0.061927 1
0.139007 1
0.183697 1
0.097536 1
0.259779 1
0.120502 1
0.087179 1
0.141710 1
0.146824 1
0.121805 1
0.114187 1
0.220629 1
0.161753 1
0.273472 1
0.108703 1
0.070359 1
0.491803 4
0.178629 4
0.178680 4
0.173774 4
2.067678 1
0.751129 4
0.935352 1
0.723571 1
0.155639 1
0.060357 1
0.304945 1
0.140073 1
0.228994 1
0.092614 1
0.143258 1
0.158303 1
0.238980 1
0.112453 1
0.667515 1
0.132550 1
0.915388 1
0.107853 1
0.161666 1
0.161287 1
0.235221 1
0.112809 1
0.243194 1
0.120169 1
0.067201 1
0.114586 1
0.216819 1
0.149766 1
0.196654 1
0.065119 1
0.152818 1
0.119071 1
0.095424 1
0.098093 1
0.272150 1
0.117186 1
0.140334 1
0.078093 1
0.120216 1
0.031586 1
0.103896 1
0.219551 1
0.272481 1
0.379809 4
0.109884 1
0.060847 1
0.161999 1
0.121768 1
0.187865 1
0.056784 1
0.098636 1
0.134506 1
0.178956 1
0.157323 1
0.301804 74
1.938867 79
0.997644 94
0.476709 92
0.630703 2
0.001817 70
0.000422 72
5.462419 25
0.761542 1
1.060527 1
1.095178 1
0.092359 1
0.339820 1
0.363014 1
0.934768 1
0.285316 1
0.126216 1
1.385226 1
0.499960 1
0.033467 1
0.033120 1
0.032173 1
0.033692 1
0.032408 1
0.251934 1
1.886655 41
0.275863 8
1.389516 4
0.864156 21
3.047780 1
0.582441 1
0.498736 1
6.873953 6
2.825970 1
2.141585 1
0.428809 1
1.595188 1
0.587051 1
3.011664 21
1.257185 2
0.003176 72
0.664547 42
0.193295 138
0.982068 2
0.002088 64
0.000310 72
2.000511 1
0.985570 1
0.301672 1
0.125744 1
0.212736 1
0.096866 1
0.287288 1
0.166223 1
0.331071 74
6.190651 1
0.574355 1
0.134651 1
0.124828 1
0.161875 1
0.044911 1
0.733075 1
0.146468 1
0.125545 1
0.318134 1
0.212637 1
0.147286 1
0.125493 1
0.074843 1
0.105626 1
0.637869 1
0.706005 74
0.881662 8
0.003668 37
0.021879 153
0.001647 92
0.001254 8
0.000136 32
0.545759 11
0.000013 6
