0.186575 133
0.001139 92
0.000296 40
0.913298 1
0.061999 1
0.100315 1
0.093660 1
0.096226 1
1.500721 1
0.158664 1
0.044343 1
0.187528 1
0.084603 1
0.785241 1
1.570727 1
0.694825 1
0.834035 1
0.347886 1
1.313769 1
0.109322 1
0.333847 1
0.697062 1
0.402637 11
0.937039 11
0.000080 15
0.009684 120
0.006074 159
0.003050 92
0.000101 8
0.000017 32
2.215740 1
0.077219 1
0.115160 1
0.116074 1
0.051265 1
0.694537 1
0.102892 1
0.228987 1
3.173330 1
0.096230 1
0.777429 1
0.604664 1
0.405917 11
1.235554 2
0.000013 9
0.000114 15
0.002438 97
0.005660 152
0.003106 92
0.000112 8
0.000027 32
2.582780 1
0.113407 1
0.056446 1
0.456158 1
0.130392 1
2.130717 26
0.005863 137
0.002939 95
0.000117 8
0.000011 24
4.452950 1
0.205953 1
0.239837 1
0.072459 1
0.700675 4
0.887522 1
0.096147 1
1.146469 11
0.000096 15
0.643534 201
0.112715 71
0.499939 38
0.167460 12
0.053723 67
0.104356 97
0.450936 62
0.646572 74
0.151114 79
0.000097 39
0.000074 44
0.051541 44
0.054272 62
0.219985 55
0.471229 105
0.142017 64
0.180779 38
0.224942 84
0.139214 52
0.000047 46
0.000027 53
16.559895 180
1.368329 88
0.458297 80
0.529436 90
0.948432 50
0.027987 62
0.047350 44
1.206259 71
3.623262 51
0.000129 119
1.908280 54
0.457962 47
0.210990 142
0.001627 95
0.001223 32
1.695635 1
0.177487 1
0.190200 1
0.081975 1
0.127513 1
1.690810 21
0.807210 26
0.000541 24
0.004496 56
0.000656 61
0.991141 2
0.000085 40
0.000013 112
0.006057 149
0.002838 95
0.000095 8
0.000016 24
3.526475 1
0.139628 1
0.128737 1
0.106976 1
1.688915 1
0.221589 1
0.251604 1
0.232559 1
0.140904 1
0.200249 1
0.105453 1
1.114779 1
1.946158 21
1.093223 25
0.983580 26
0.054660 270
1.204981 1
0.072871 1
0.046326 1
0.242176 2
0.000213 82
0.035025 34
2.771791 2
0.424454 781
0.031162 72
3.596283 8
0.003681 37
0.006614 157
0.002399 95
0.000119 8
0.000010 24
2.275636 1
0.242132 1
0.173608 1
0.137354 1
0.228521 11
0.000054 15
0.000025 6
