0.220713 133
0.001197 92
0.000453 40
2.695906 26
0.427964 60
0.222954 64
0.664108 88
0.000047 15
0.083255 34
2.383121 2
0.391771 166
0.000031 110
0.000209 641
0.041754 72
6.970383 1
0.879870 1
0.452785 1
0.124108 1
0.124041 1
0.084361 1
0.153235 1
0.597833 1
1.358995 74
9.092415 1
0.118320 1
0.051597 1
0.140390 1
0.058127 1
0.779727 1
0.086736 1
0.063040 1
0.111333 1
0.284112 1
0.158773 1
0.256748 2
4.383501 1
0.311927 1
0.610658 1
0.778973 1
0.127034 1
0.381403 1
0.683039 1
0.283251 1
0.163172 1
0.141570 1
0.593438 1
0.473590 1
0.074121 1
0.237738 1
0.129884 1
0.241277 1
1.609066 1
0.122145 1
0.195343 1
0.312484 1
0.865962 1
0.406147 1
0.147546 1
0.125079 1
0.145614 1
0.104909 1
0.115669 1
0.367716 1
0.181669 1
1.099251 1
0.327462 1
0.818136 1
0.352519 1
0.488984 1
4.788729 12
3.091887 2
0.014582 46
0.001675 72
9.390244 1
0.073717 1
0.074341 1
0.086741 1
0.077909 1
1.155603 4
0.169095 4
0.153489 4
0.154814 4
0.422394 4
0.582461 1
2.353861 1
0.350192 1
0.629651 1
0.205106 1
0.135972 1
0.127811 1
0.105216 1
0.115857 1
0.091451 1
0.089459 1
0.059013 1
0.150284 1
0.059415 1
0.105745 1
0.157663 1
0.068501 1
0.067612 1
0.200596 1
0.080745 1
0.089823 1
0.185978 1
0.096840 1
0.101857 1
0.153626 1
0.287318 1
0.089378 1
0.599668 1
0.261293 1
0.045153 1
0.168044 1
0.476398 1
0.190870 1
0.161027 1
0.137738 1
0.223269 1
0.122743 1
0.161109 1
0.012434 1
0.497508 4
0.162710 4
0.173740 4
0.285762 4
0.346481 1
0.087330 1
0.131388 1
0.119336 1
0.084924 1
0.089384 1
0.062333 1
0.105389 1
0.353093 1
0.227436 1
0.073159 1
0.238663 1
0.207671 1
0.153816 1
0.191995 1
0.064317 1
0.140585 1
0.112983 1
0.119195 1
0.068437 1
0.090418 1
0.147506 1
0.147020 1
0.144927 1
0.713334 74
1.528076 1
0.083314 1
0.063468 1
0.118938 1
0.062495 1
1.106857 1
0.077417 1
0.172059 1
0.212405 1
0.515427 1
0.146647 1
0.000136 1
0.393010 1
0.617467 4
0.391252 4
0.209781 4
0.166532 4
0.495976 1
0.256365 2
0.000010 180
0.000152 184
0.000083 2
0.000121 181
0.000076 2
0.000128 180
0.000078 2
0.000131 176
0.000131 2
0.000111 176
0.000018 2
0.000118 176
0.000063 2
0.000103 176
0.000066 2
0.000122 176
0.000035 2
0.000059 176
0.000044 2
0.000088 176
0.000016 2
0.000061 78
0.205260 4
1.153577 1
0.037645 1
0.688976 1
0.199283 1
0.123415 1
0.000138 1
0.285727 1
0.272360 59
0.000064 82
0.434581 1
0.165128 1
0.299293 2
4.672751 12
1.040783 1
1.560415 2
0.028433 72
0.557253 27
0.635755 4
0.159549 4
0.266355 1
0.166685 2
0.019158 72
1.690399 79
1.129193 26
0.158754 3
0.384887 123
0.803895 123
2.917313 2
0.011301 49
0.000151 2
0.000008 27
0.000113 2
0.000105 2
0.000103 8
0.000217 2
0.000120 58
0.000084 2
0.000169 76
0.000076 2
0.000115 43
0.000104 2
0.000134 70
0.000201 2
0.000144 62
0.000105 2
0.000138 65
0.000109 2
0.000311 145
0.000089 2
0.000120 77
0.000168 2
0.000177 74
0.000099 2
0.000104 39
0.000029 2
0.000025 71
0.000039 2
0.000034 39
0.000037 2
0.000038 66
0.000045 2
0.000038 71
0.000037 2
0.000038 65
0.000038 2
0.000039 70
0.000037 2
0.000033 49
0.000036 2
0.000039 64
0.000037 2
0.000039 71
0.000037 2
0.000038 75
0.000038 2
0.000033 40
0.000037 2
0.000038 68
0.000037 2
0.000033 48
0.000037 2
0.000040 69
0.000037 2
0.000037 55
0.000038 2
0.000037 56
0.000037 2
0.000041 83
0.000037 2
0.000038 62
0.000038 2
0.000037 58
0.000037 2
0.000038 77
0.000037 2
0.000037 82
0.000036 2
0.000038 60
0.000036 2
0.000038 2
0.000957 72
7.004433 59
3.084308 76
1.314066 1
0.124967 1
0.612634 1
0.075433 1
0.091670 1
0.618656 4
0.177759 4
0.158054 4
0.183556 1
0.111294 1
0.119088 1
0.170775 1
0.056740 1
0.102420 1
0.076667 1
0.100800 1
4.440664 1
0.056820 1
0.132931 1
0.213917 1
0.078713 1
0.372517 1
0.267906 1
0.721673 1
0.033276 1
0.087172 1
0.052043 1
0.098926 1
1.325022 1
0.407386 4
0.166800 4
0.150256 4
0.158834 4
0.152939 4
0.149493 4
0.166135 4
0.495771 1
0.226137 1
0.189528 1
0.214587 2
0.310266 1
0.072796 1
0.157323 1
0.172197 1
0.767906 1
0.115949 1
0.000090 1
0.455510 1
0.431614 2
0.004165 44
0.000538 72
19.332311 26
0.527118 75
0.950259 1
0.500857 1
0.032930 1
0.033135 1
0.033216 1
0.033513 1
0.033655 1
0.033019 1
0.033279 1
0.032963 1
0.033690 1
0.032920 1
0.033131 1
0.033142 1
0.032946 1
0.033314 1
0.033691 1
0.033815 1
0.033020 1
0.039321 1
0.034664 1
0.031412 1
0.034109 1
0.033876 1
0.033763 1
0.033244 1
0.033323 1
0.033489 1
0.033157 1
0.033299 1
0.032506 1
0.033155 1
0.033333 1
0.033144 1
0.033191 1
0.033159 1
0.033961 1
0.033054 1
0.033561 1
0.033404 1
0.033352 1
0.033307 1
0.033319 1
0.033565 1
0.032128 1
0.034104 1
0.032555 1
0.033526 1
0.032538 1
0.033763 1
0.033509 1
0.032542 1
0.033764 1
0.032132 1
0.475619 3
0.332256 3
0.366004 3
0.172842 3
0.164508 3
0.163406 3
0.164539 3
0.138962 3
0.450546 3
7.572455 3
0.161395 3
0.168495 3
2.133950 3
0.500829 3
0.032805 3
0.033352 3
0.343391 3
0.234982 3
0.180843 3
0.178432 3
0.172674 3
0.181677 3
0.287941 3
0.211466 3
20.461485 90
0.578696 1
3.577710 11
1.256700 2
0.023041 72
0.841471 1
0.949870 1
0.056393 1
0.129669 1
0.289510 1
0.086263 1
0.202291 1
0.089653 1
0.157171 1
0.147185 1
0.154145 1
0.193661 1
0.246307 1
0.109920 1
0.117701 1
0.089554 1
0.236513 1
0.131210 1
0.106031 1
0.077695 1
0.148440 1
0.101017 1
0.252373 1
0.060617 1
0.150790 1
0.082219 1
0.157749 1
0.202284 1
0.487459 4
0.237509 1
0.116813 1
0.125805 1
0.522423 1
0.081001 1
0.716639 74
1.980031 32
0.588925 135
0.975833 4
0.144070 1
0.446539 1
0.499857 1
0.033906 1
0.033801 1
0.032782 1
0.032866 1
0.032917 1
0.033074 1
0.032589 1
0.032656 1
0.034383 1
0.033379 1
0.033170 1
0.415819 3
0.383338 29
0.105363 25
0.689921 2
0.034763 72
0.819741 71
1.219995 4
0.123042 1
0.507515 1
0.500562 1
0.033029 1
0.032504 1
0.033020 1
0.033002 1
0.032956 1
0.033765 1
0.032544 1
0.033114 1
0.267003 1
0.187524 1
0.492827 41
0.389537 31
1.675086 2
0.028666 72
1.152862 79
0.913521 1
0.024971 1
0.105296 1
0.057056 1
0.080806 1
0.857152 1
0.029793 1
0.039460 1
0.093024 1
1.735579 1
0.424884 1
0.475942 1
0.308440 3
1.058205 1
0.048445 1
0.058702 1
0.284459 4
0.496507 1
0.541126 4
0.296352 1
2.662231 1
0.513972 1
0.227185 1
0.226514 2
0.594352 1
0.050125 1
0.228490 1
0.154966 1
1.172758 1
0.257469 1
0.136590 1
0.671907 18
0.000115 2
0.000065 104
0.211691 18
0.000016 2
0.000150 104
1.319188 111
0.277082 2
0.002799 1025
0.000421 72
3.845979 1
3.526458 1
0.219524 1
0.170567 1
0.089468 1
0.168591 1
0.125657 1
0.154552 1
1.387638 1
0.347174 1
0.236121 1
0.185635 1
0.216474 1
0.068665 1
0.237818 1
0.196154 1
0.156090 1
0.099665 1
0.079197 1
0.165597 1
0.062015 1
0.098464 1
0.151226 1
0.127964 1
0.124354 1
0.048789 1
0.276300 1
0.320716 74
3.518749 1
0.390993 4
0.486088 1
0.454271 1
0.233895 1
0.140028 1
0.135076 1
0.105432 1
0.120975 1
0.054437 1
0.129350 1
0.166996 1
0.197080 1
0.096226 1
0.168086 1
0.104916 1
0.089049 1
0.163294 1
0.073779 1
0.186094 1
0.095168 1
0.157521 1
0.115628 1
0.173999 1
0.336515 74
1.201677 1
0.072005 1
0.157019 1
5.737932 11
1.331860 2
0.003531 89
0.000492 72
0.974103 14
0.561293 4
0.129992 1
0.285091 2
0.001658 89
0.000217 72
0.491951 14
0.507299 4
0.099951 1
0.236263 2
0.003195 68
0.000129 2
0.000661 72
1.554066 74
5.944206 1
0.789266 1
0.287366 1
0.104388 1
0.263167 1
0.140904 1
0.221563 1
0.171228 1
0.167906 1
0.182688 1
0.083357 1
0.186211 1
0.223066 1
0.231925 1
0.186488 1
0.156044 1
0.268201 1
0.840761 74
1.054354 1
0.101976 1
0.253220 1
0.230186 1
0.128886 1
0.336566 1
0.523040 1
0.351879 1
0.334880 2
0.002573 61
0.000636 72
0.735101 1
0.363236 1
0.126670 1
0.239277 1
0.182162 1
0.128721 1
0.171847 1
0.146603 1
0.160484 1
0.101312 1
0.136213 1
0.202445 1
0.173998 1
0.096706 1
0.177848 1
0.117489 1
0.133222 1
0.149464 1
0.134966 1
0.248156 1
0.226639 1
0.121409 1
0.165618 1
0.084315 1
0.134708 1
0.141128 1
0.338623 1
0.072641 1
0.195100 1
0.162373 1
0.081541 1
0.072839 1
0.110060 1
0.164832 1
0.095205 1
0.144351 1
0.065637 1
0.102190 1
0.106678 1
0.045673 1
0.113178 1
0.139195 1
0.067242 1
0.130057 1
0.094177 1
0.953124 74
1.908428 1
0.107545 1
0.076248 1
0.086193 1
0.107045 1
0.211625 1
0.149932 1
0.239156 1
0.161090 1
0.086560 1
0.291408 1
1.926274 1
0.805211 1
1.493497 1
0.179814 1
0.130720 1
0.087138 1
1.205080 1
2.539326 1
1.387992 1
0.899557 1
0.439608 1
0.139870 1
0.215300 1
0.068686 1
1.406782 1
0.736411 1
3.951538 3
0.270630 3
1.073579 3
0.243535 3
0.401182 5
1.099347 3
0.448501 3
0.153969 3
0.085727 3
0.057620 3
2.992083 4
0.168298 3
0.327246 2
0.248960 6
0.236265 8
0.793555 1
0.717677 51
0.254019 51
0.142639 51
0.927817 2
0.012536 72
1.082613 1
0.041049 1
0.099617 1
0.304269 2
1.326182 1
0.530298 1
0.315852 6
0.941900 2
0.002624 140
0.000209 72
3.330076 1
0.056484 1
0.125908 1
0.114793 1
0.095275 1
1.841852 1
0.729431 1
1.121814 1
0.546207 1
0.329241 6
0.962955 2
0.003481 253
0.000125 35
0.001122 72
1.648818 1
0.932694 1
0.274166 1
0.045191 1
0.054230 1
0.052590 1
0.183459 1
0.233521 1
0.147813 1
0.618435 4
0.180367 4
0.162466 1
0.147668 1
0.206776 1
0.167360 1
0.194898 1
0.142782 1
0.114880 1
0.113164 1
0.166100 1
0.117258 1
0.324522 1
0.172242 1
0.089526 1
0.139663 1
0.481860 1
0.196228 1
0.256246 1
0.089163 1
0.100193 1
0.130758 1
0.218388 1
0.139558 1
0.160679 1
0.174315 1
0.096226 1
0.129343 1
0.147770 1
0.061741 1
0.086219 1
0.264825 1
0.106468 1
0.088083 1
0.103794 1
0.100982 1
0.289083 1
0.208774 1
0.162114 1
0.261133 74
1.964891 1
0.083966 1
0.080800 1
0.192172 1
0.909137 1
0.211973 2
2.658857 1
1.499848 1
0.182164 1
0.307882 1
0.901068 4
0.155435 4
0.164554 4
3.742368 11
1.652259 1
3.543426 12
0.690403 1
5.040803 8
1.106837 1
0.348616 5
0.652868 1
0.159426 1
0.938075 4
2.942118 2
0.002556 45
0.000130 27
0.000372 72
2.928984 45
0.998367 64
0.634872 5
0.120630 5
0.039178 5
0.115753 5
0.097752 5
0.312962 2
0.014425 72
1.162492 50
1.714747 4
0.054467 1
0.758563 1
0.500168 1
0.033839 1
0.033232 1
0.031949 1
0.033446 1
0.033408 1
0.033340 1
0.033022 1
0.033122 1
0.033531 1
0.033355 1
0.032287 1
0.034194 1
0.032656 1
0.692884 35
0.139908 31
0.520014 1
0.500697 1
0.032792 1
0.033163 1
0.033404 1
0.033502 1
0.033193 1
0.033172 1
0.033935 1
0.032909 1
0.033054 1
0.033763 1
0.032074 1
0.033517 1
0.034837 1
0.326314 3
0.201725 3
0.631342 5
0.130908 5
2.313382 2
0.013546 72
3.367439 50
0.676519 4
0.191870 4
0.158166 4
0.155617 4
0.155265 4
0.193704 4
0.643967 1
0.102177 1
0.080862 1
0.052902 1
0.903339 1
0.501074 1
0.032652 1
0.033927 1
0.032400 1
0.032348 1
0.034477 1
1.569776 1
0.250736 1
0.182990 1
0.174345 1
0.147933 1
0.303942 1
0.516146 31
0.499592 31
0.033519 31
0.033675 31
0.032689 31
0.033323 31
0.032222 31
0.033420 31
0.033173 31
0.032391 31
0.033343 31
0.056937 31
0.431435 31
0.425842 31
0.135167 27
1.075186 27
2.707640 38
1.452255 31
0.688684 3
0.689543 36
1.495728 2
0.012088 72
1.924550 47
0.206256 55
0.388495 58
0.332448 203
0.387984 112
0.407571 84
1.111867 94
0.531890 2
0.003230 11
0.000261 10
0.000098 249
0.000234 52
0.000137 11
0.000855 72
2.142272 1
1.024152 1
0.062010 1
0.093114 1
0.185310 1
0.000359 1
0.164613 1
0.184540 1
0.027116 1
0.100294 1
0.104475 1
0.164885 1
0.181259 1
0.060196 1
0.164927 1
0.207282 1
0.123696 1
0.283183 1
0.089444 1
0.117466 1
0.243006 1
0.209782 1
1.052437 1
0.500704 1
0.033796 1
0.032854 1
0.035182 1
0.032010 1
0.033758 1
0.033277 1
0.033448 1
0.033136 1
0.032782 1
0.033383 1
0.033371 1
0.033474 1
0.033403 1
0.033251 1
0.329785 1
0.441080 5
0.434790 3
0.820193 5
1.160450 74
0.785420 1
0.661354 1
0.176464 1
0.093843 1
0.030403 1
0.076325 1
0.155943 1
0.711554 1
0.166651 1
0.203278 1
0.167206 1
0.180095 1
0.110611 1
0.144787 1
0.180401 1
0.229899 1
0.109967 1
0.158174 1
0.164922 1
0.095981 1
0.110564 1
0.139227 1
0.080759 1
0.086469 1
0.157990 1
0.132027 1
0.106185 1
0.094565 1
0.132612 1
0.319931 74
1.198269 1
0.113434 1
0.227596 1
0.069207 1
0.105234 1
1.659970 1
0.868615 1
0.168682 1
0.894874 1
0.250301 1
0.680358 1
0.555500 1
0.171351 4
0.585148 4
0.166211 4
0.162276 4
0.155873 4
0.172843 4
0.594326 1
0.277235 6
1.542130 1
0.312242 5
0.448561 1
0.168204 1
2.339681 4
0.512921 2
0.002167 74
0.000295 72
1.346347 24
0.870470 64
0.720431 5
0.123161 5
0.059533 5
0.108343 5
0.086270 5
0.335958 2
0.011969 72
0.596272 29
1.143243 4
0.136253 1
0.378706 1
0.500279 1
0.033004 1
0.033626 1
0.033459 1
0.032906 1
0.033648 1
0.032657 1
0.033243 1
0.032620 1
0.033211 1
0.032464 1
0.033164 1
0.033530 1
0.353321 1
1.427731 35
0.185761 35
2.286660 31
0.190258 31
0.803315 2
0.011482 72
0.759806 29
0.561502 4
0.180221 4
0.157678 4
0.166178 4
0.152384 4
0.440226 4
0.433230 1
0.140228 4
0.548484 1
0.498497 1
0.034551 1
0.033367 1
0.032042 1
0.034175 1
0.032459 1
0.032637 1
0.033557 1
0.033384 1
0.033186 1
0.033050 1
0.033390 1
0.033782 1
0.032264 1
1.410800 5
0.452891 3
1.488288 29
0.409460 2
0.012676 72
1.836686 1
0.944627 1
0.297909 1
0.368090 1
0.110153 1
0.086071 1
0.065547 1
0.314103 1
0.099492 1
0.045916 1
0.471081 1
0.174868 1
0.244625 74
1.088427 12
0.206548 40
0.642828 33
0.292582 34
0.412759 140
0.394417 93
0.339493 92
0.605747 41
2.096115 94
0.490054 2
0.002248 11
0.000424 357
0.000771 72
4.833549 15
0.591181 7
0.289920 8
0.921486 5
0.068735 5
0.124278 5
0.081188 5
0.101802 5
0.561780 114
0.545976 2
0.011962 9
0.000175 2
0.000225 8
0.000106 2
0.000333 64
0.000182 62
0.000110 2
0.000144 60
0.000116 2
0.000171 2
0.000139 15
0.000134 2
0.000203 7
0.000146 2
0.000175 2
0.000123 15
0.000158 2
0.000159 7
0.000141 2
0.000147 2
0.000147 13
0.000138 2
0.000253 7
0.000097 2
0.001917 72
13.315901 1
1.046104 1
0.330701 1
0.215136 1
0.143929 1
0.152171 1
0.100801 1
0.086714 1
0.145486 1
0.218159 1
0.251418 1
0.084206 1
0.057008 1
0.146191 1
0.057147 1
3.207153 74
1.191435 1
0.149799 1
0.163260 1
0.151213 1
0.072505 1
0.160411 1
0.934321 1
0.422518 1
0.276423 1
2.012149 1
0.392208 1
0.273175 1
0.253372 1
0.165473 1
0.109412 1
0.101130 1
1.010004 1
0.500231 1
0.033096 1
0.032177 1
0.033486 1
0.033525 1
0.033054 1
0.847556 19
0.150912 19
0.592029 15
0.190918 15
1.367703 21
0.901391 2
0.002683 72
2.410677 1
0.088072 1
0.157166 1
0.479980 1
0.080924 1
0.309458 1
0.381676 1
2.169374 1
1.029038 1
0.352604 6
1.329571 1
0.789031 1
0.478189 2
0.004750 170
0.000201 2
0.000230 80
0.000138 2
0.000893 72
0.656359 17
1.049507 1
0.775790 1
1.977551 1
1.111930 4
3.870319 10
0.649611 1
1.165396 1
0.839878 1
0.137776 1
0.111986 1
0.100531 1
0.799670 1
1.304132 1
0.646618 1
0.137264 1
0.115015 1
0.874263 2
0.002564 72
0.884771 1
0.108564 1
0.101036 1
0.081945 1
3.698283 21
0.823398 2
0.001666 214
0.000569 72
3.635563 1
1.763446 1
0.347954 1
0.159326 1
0.151365 1
0.048593 1
0.091619 1
0.101987 1
0.126184 1
0.182568 1
0.322754 4
0.164215 4
0.159406 4
0.346505 1
0.116701 1
0.277364 1
0.208372 1
0.141794 1
0.123403 1
0.104192 1
0.066272 1
0.462998 1
0.433019 74
2.153291 8
0.000118 37
0.015544 153
0.001948 92
0.000243 8
0.000139 32
1.607004 1
0.319128 1
0.229681 1
0.142746 1
0.340921 2
0.000513 9
0.000102 21
