0.423887 133
0.001104 92
0.000433 40
1.867967 26
0.442221 60
0.250963 64
0.278075 64
0.292478 64
0.201896 64
0.287821 88
0.000072 15
0.071810 34
2.145952 2
0.329775 70
0.000044 202
0.000093 277
0.000021 368
0.031297 72
5.484341 1
0.453020 1
0.103101 1
0.253531 1
0.316273 2
0.675806 1
0.390408 1
0.112944 1
0.083638 1
0.142221 1
0.093140 1
1.430953 1
0.330680 1
0.097124 1
0.867528 1
0.236801 1
0.284159 1
0.274116 1
1.095030 1
0.079073 1
0.454274 4
0.382909 2
0.017734 448
0.000993 72
3.824822 1
0.107706 1
0.045799 1
0.135451 1
0.064118 1
0.284501 1
0.374806 1
0.146592 1
0.144247 3
0.783004 1
0.133787 1
0.103135 1
0.915739 1
0.233977 1
0.068482 1
0.269645 3
0.788807 1
0.321957 1
0.253677 1
1.017453 2
0.022094 96
0.000254 37
0.000079 2
0.000159 53
0.000107 2
0.000098 49
0.000107 2
0.002191 72
2.045471 22
0.540102 3
0.367401 4
0.931951 1
0.348312 23
1.149649 2
0.013632 42
0.000102 2
0.000084 71
0.000099 2
0.000115 42
0.000112 2
0.000141 2
0.003996 53
0.000026 2
0.000683 60
0.000013 2
0.000546 2
0.000062 22
1.324513 1
0.237069 2
0.000184 14
0.000140 2
0.000067 46
0.000138 2
0.000145 50
0.000113 2
0.000149 20
1.155668 2
0.000127 29
0.000142 35
0.721100 2
0.000073 44
2.290948 83
0.943549 1
0.893792 1
0.414447 1
0.532242 2
0.000119 62
0.000132 2
0.004136 24
0.893643 1
0.478934 16
0.000058 2
0.000008 46
0.000228 2
0.000037 50
0.000092 22
1.007458 29
0.000173 37
0.580847 2
0.000097 50
1.349105 2
0.000027 84
1.069990 1
0.252580 1
0.595932 1
0.421211 2
0.000022 64
0.004632 24
1.126077 1
0.387646 66
0.000136 72
0.835711 2
0.000096 29
0.000051 35
0.744291 52
2.116803 86
1.203371 1
0.385824 1
0.571908 1
0.390637 66
0.005252 24
1.566180 1
0.313905 2
0.000376 136
1.319630 1
0.341039 2
0.000193 76
1.547342 87
1.092030 2
0.000554 67
0.005179 24
1.032902 1
0.123680 2
0.000170 62
0.000139 179
0.000143 50
0.000169 179
0.000078 57
0.000022 141
1.924473 1
0.716633 118
1.626476 2
0.000293 85
2.159362 1
0.907383 1
0.539417 1
0.514763 2
0.000074 64
0.005646 24
1.452847 1
0.184398 118
0.979694 2
0.000068 85
0.997631 1
0.298506 1
0.596678 1
0.684896 66
0.005837 24
1.134295 1
0.263328 66
0.000098 52
1.004260 87
0.482503 2
0.000058 67
0.003488 24
1.061328 1
0.435910 849
1.781943 1
0.205588 2
0.000549 39
0.002481 45
0.003574 90
1.895191 19
0.161503 19
1.026116 2
0.010663 94
0.000111 2
0.000168 37
0.000114 2
0.000210 53
0.000133 2
0.000173 49
0.000117 2
0.000109 19
0.000114 2
0.000131 27
0.000108 2
0.000233 2
0.000198 119
0.000131 2
0.000111 56
0.000135 2
0.000135 56
0.000139 2
0.000186 56
0.000135 2
0.000134 59
0.000130 2
0.000122 56
0.000120 2
0.000135 56
0.000133 2
0.000204 56
0.000069 2
0.001417 72
12.361073 1
1.110045 1
1.237631 1
0.150511 1
0.193552 1
0.105419 1
0.224112 1
0.092122 1
0.214193 1
0.104577 1
0.095017 1
0.074360 1
0.093241 1
0.180958 1
0.068968 1
0.150798 1
0.232750 1
0.138250 1
0.156144 1
0.092886 1
0.078980 1
0.105234 1
0.129565 1
0.094235 1
1.177597 1
0.882667 1
0.568457 1
0.096131 1
0.201108 1
1.305515 1
0.303863 1
0.136981 1
0.089320 1
0.171732 1
0.127036 1
0.290391 1
0.244146 1
0.108397 1
0.216192 1
0.196019 1
0.096425 1
0.192390 1
1.221616 4
0.195579 1
0.077066 1
0.144026 1
0.201504 1
0.089705 1
0.080304 1
0.109524 1
0.058418 1
0.193575 1
0.587400 1
0.129689 1
0.128024 1
0.139978 1
0.110028 1
0.205707 1
0.094080 1
0.345755 1
1.209392 1
3.848542 74
10.993196 1
0.193044 1
0.899326 1
0.068847 1
2.607230 1
0.161392 1
0.212801 3
0.947784 1
0.198002 1
1.937975 1
0.696954 1
0.061539 1
0.558210 1
0.741386 1
0.663799 1
0.300069 1
0.264538 1
0.650547 1
1.939823 19
0.981965 5
0.126472 5
0.026818 5
0.179767 5
0.109810 5
0.645469 5
0.164852 5
0.170821 5
0.546487 5
0.462337 5
0.106491 5
0.108860 5
0.108913 5
1.041486 5
1.357314 5
1.459033 5
0.384055 9
0.221609 5
0.132579 5
0.085315 5
0.093292 5
0.105410 9
0.086468 5
0.187554 5
0.101656 5
0.102970 5
0.145355 5
0.195788 5
0.048037 5
0.237178 9
0.045073 5
0.095871 5
0.140060 5
0.106726 5
0.153017 5
0.143836 5
0.137451 9
0.429130 5
0.048391 5
0.426362 5
0.612956 5
0.516314 5
0.355211 5
0.353445 5
2.142652 74
3.219712 1
0.920197 1
0.377765 1
0.313770 1
0.205762 1
0.065496 1
0.065615 1
0.128480 1
0.157444 1
0.092852 1
0.152997 1
0.296998 1
0.178117 1
0.096858 1
0.209063 1
0.072440 1
0.099627 1
0.113920 1
0.154514 1
0.157750 1
0.160007 1
0.159413 1
1.192684 1
0.161185 1
0.164525 1
0.474667 74
2.531068 1
0.141917 1
0.048106 1
0.148891 1
0.072974 1
1.565695 30
0.165031 120
0.709405 125
0.367332 91
2.258077 1
0.831612 2
0.005189 291
0.000162 358
0.000110 174
0.001731 72
1.414924 23
0.171600 1
0.270451 1
0.494401 1
0.057001 1
0.097816 1
0.045469 1
0.064955 1
7.494435 1
0.230108 1
0.494766 1
1.057005 2
0.016122 453
0.000127 150
0.001515 72
1.548268 33
0.647379 1
0.242539 1
0.385572 1
0.072535 1
0.100903 1
0.074906 1
0.093288 1
0.847519 1
0.185111 1
2.073474 1
0.737215 6
0.542467 5
1.124962 21
0.604573 1
0.550532 1
0.816264 1
0.878152 1
0.114690 1
0.684388 1
0.818753 1
1.330803 1
0.251527 1
0.328218 1
0.515682 1
1.240124 1
0.257881 1
1.092037 2
0.019022 348
0.000537 72
5.724939 56
2.134884 1
0.811989 1
0.056417 1
0.219390 1
0.758422 1
1.146328 1
1.398569 1
0.732507 1
0.122717 1
0.155755 1
0.132626 1
0.102898 1
0.531021 1
0.538981 1
0.331038 1
0.734672 1
0.346920 1
0.224398 1
0.829058 2
0.016095 20
0.000020 24
0.000058 9
0.000061 2
0.000051 9
0.000102 2
0.000555 72
3.265071 74
1.667088 67
0.686317 1
0.619957 1
1.488769 1
0.227765 1
0.639317 1
0.285822 1
0.152155 1
0.140950 1
0.114173 1
0.078091 1
0.107003 1
0.098352 1
0.378479 1
0.147913 1
0.150831 1
0.738095 1
2.712592 74
1.736326 16
0.692469 97
3.228279 1
1.150107 4
0.697501 1
0.197746 1
0.151273 1
0.146251 1
0.172011 1
2.033820 5
0.608062 5
0.096349 5
0.095576 5
0.076758 5
0.114837 5
0.731467 5
0.174659 5
1.204218 5
0.089215 5
0.840422 5
0.168934 5
0.338249 5
0.385642 5
0.351504 5
1.005379 5
2.867385 5
1.819193 2
0.004387 50
0.000025 52
0.000024 2
0.000058 50
0.000031 2
0.000462 72
2.056747 91
0.219298 1
2.476749 1
1.988413 1
0.380957 1
0.119569 1
0.102477 1
0.516168 1
0.492741 1
0.115708 1
0.245026 1
0.021118 1
0.690563 1
1.541831 103
1.488553 5
1.041658 5
0.365862 5
0.163420 5
0.126734 5
0.123213 5
0.136265 5
0.520833 5
0.314594 5
0.568580 5
0.321635 5
0.509039 5
0.432824 5
0.216584 5
0.221957 5
0.998250 5
1.482010 74
2.499301 1
0.618516 1
0.149652 1
0.069141 1
0.047118 1
0.103471 1
0.176941 1
0.200157 1
0.167461 1
0.430370 1
0.205607 1
0.060015 1
0.117830 1
0.196617 1
0.235844 1
0.183313 1
0.060237 1
0.243660 1
0.270475 1
0.202274 1
0.105084 1
0.106478 1
0.159985 1
0.088964 1
0.462419 1
0.148265 1
0.162054 1
0.329337 74
1.206866 27
0.178614 185
1.286547 162
1.597731 83
0.738453 97
1.605181 2
0.016144 44
0.000006 9
0.000047 13
0.000415 72
2.888224 74
0.571880 1
0.226646 1
0.836026 1
0.253699 1
0.266395 1
0.249186 1
1.224219 2
2.744478 1
0.386187 1
0.724566 1
1.583906 1
0.074363 1
0.197116 1
0.260489 1
0.127698 1
0.187706 1
0.096275 1
0.114229 1
0.120379 1
2.579882 1
1.170465 1
0.254313 1
0.089324 1
0.090043 1
0.098798 1
0.468822 1
1.185130 1
0.139176 1
0.077830 1
0.147729 1
0.092961 1
0.929161 1
0.154299 1
0.403212 1
0.120010 1
0.956548 1
0.195637 1
0.352580 1
0.392350 1
0.671523 1
0.686752 1
0.653425 1
0.115035 1
0.230437 1
0.285975 1
0.154215 1
0.184267 1
0.109414 1
0.120750 1
0.106362 1
0.921801 1
0.945795 2
0.018249 24
0.000071 2
0.000763 26
0.000714 24
0.000095 2
0.001112 26
0.001179 24
0.000071 2
0.000805 24
0.000115 2
0.000344 72
2.787127 126
0.504997 1
0.499688 1
0.033056 1
0.033433 1
0.033803 1
0.032526 1
0.033111 1
0.033766 1
0.033999 1
0.033617 1
0.033169 1
0.033523 1
0.032763 1
0.033672 1
0.032103 1
0.034086 1
0.032782 1
0.032682 1
0.032827 1
0.033177 1
0.033581 1
0.032213 1
0.033715 1
0.032556 1
0.033595 1
0.033741 1
0.032925 1
0.279405 3
0.199996 3
0.710955 5
0.433583 9
0.997406 75
0.732500 4
0.441081 1
0.704125 2
0.029420 29
0.001196 192
0.000074 39
0.000067 42
0.000049 2
0.000341 32
0.000335 44
0.000915 33
0.039900 75
0.000261 10
0.001608 8
0.010612 27
0.000053 2
0.000750 59
0.000023 55
0.000037 39
0.000047 3
0.000007 5
0.000038 9
0.000025 6
0.000026 8
0.000025 2
0.000025 6
0.000026 4
0.000031 30
0.000016 5
0.000023 5
0.000029 37
0.000046 2
0.000473 22
0.000032 10
0.000128 5
0.000029 37
0.000040 2
0.000731 33
0.041220 70
0.000044 5
0.000269 5
0.000040 5
0.000839 8
0.007212 29
0.004721 275
0.000019 32
0.000100 44
0.000766 33
0.040948 75
0.000229 10
0.002193 8
0.007898 29
0.001744 58
0.000016 55
0.000028 2
0.000070 47
0.000042 7
0.000049 6
0.000038 2
0.000012 6
0.000074 29
0.000011 3
0.000066 9
0.000085 34
0.000544 22
0.000022 6
0.000106 3
0.000075 37
0.000869 32
0.028600 65
0.000028 6
0.000282 3
0.000059 3
0.002031 6
0.000225 2
0.007188 29
0.001207 258
0.000174 28
0.000076 38
0.000177 2
0.000251 32
0.022765 71
0.000013 6
0.001003 8
0.005239 29
0.002922 258
0.000196 22
0.000028 6
0.000086 3
0.000036 35
0.000037 2
0.000474 32
0.016809 71
0.000266 3
0.000035 3
0.000924 8
0.001121 72
2.639283 1
1.504703 1
0.111836 1
0.132338 1
0.290089 1
0.100950 1
0.086626 1
0.231444 1
0.068609 1
0.216570 1
0.112471 1
0.180970 1
0.096603 1
0.171886 1
0.080256 1
0.112968 1
0.130245 1
0.135005 1
0.224249 1
0.084541 1
0.275597 1
0.214547 1
0.101406 1
0.077368 1
0.270692 1
0.166147 1
0.414849 2
0.000137 72
3.169851 1
0.836055 1
0.268924 1
0.090746 1
0.105051 1
0.072295 1
1.496622 1
0.228918 1
0.176310 1
0.110876 1
0.111411 1
0.400742 1
0.133360 1
0.057492 1
0.135489 1
0.203420 1
0.065577 1
0.208974 1
0.089483 1
0.256349 1
0.150065 1
0.104353 1
0.245925 1
0.187295 1
0.170232 1
0.266405 2
0.000262 72
3.467334 1
0.722372 1
0.252920 1
0.196436 1
0.152712 1
0.326318 4
0.500326 4
0.031962 4
0.033735 4
0.033685 4
0.033665 1
0.033029 1
0.033564 1
0.032335 1
0.034065 1
0.400242 1
0.056688 1
0.119417 1
0.160587 1
0.113248 1
0.799100 1
0.433266 1
0.431294 1
0.360549 2
0.002445 61
0.000392 72
2.379843 1
0.576027 1
0.145906 1
0.183781 1
0.161705 1
0.115679 1
0.528434 1
0.622363 4
0.190040 4
0.555223 4
0.573989 12
1.245688 1
0.159720 1
0.098763 2
0.989431 2
0.003117 64
0.000260 72
1.476811 1
0.438133 1
0.101181 1
0.185111 1
0.162132 1
0.116823 1
0.204731 1
0.122789 1
0.254234 1
0.584307 4
0.220249 1
0.113289 1
0.180775 1
0.340694 1
0.209827 1
0.096909 1
0.209275 1
0.084966 1
0.140413 1
0.110080 1
0.127427 1
0.262833 1
0.213180 1
0.144893 1
0.135887 1
0.113289 1
0.128129 1
0.146939 1
0.108434 1
0.139830 1
0.069107 1
0.591218 1
0.116739 1
0.243628 1
0.231641 1
0.233970 1
0.171675 1
0.108187 1
0.068802 1
0.279775 1
0.216318 1
0.449972 1
0.341834 1
0.154432 1
0.083923 1
0.570466 1
0.161291 1
0.138655 1
0.243648 2
0.000049 72
1.641721 1
0.109193 1
0.049180 1
0.137524 1
0.058502 1
0.790465 1
0.148887 1
0.669832 1
0.121637 1
0.165792 1
0.408429 1
0.600016 1
1.116847 1
0.231155 1
0.816985 1
0.445463 1
0.149854 1
0.117021 2
1.469271 1
0.562460 1
0.131200 1
0.151803 1
0.110062 1
0.782180 1
0.909789 1
0.651059 1
0.092242 1
0.165951 1
0.266233 1
1.023094 1
0.876993 1
0.390102 1
0.679928 1
0.138989 1
0.629980 1
0.842564 1
1.358056 2
0.020232 72
1.824951 1
0.044634 1
0.110570 1
0.346119 1
0.455687 1
0.498744 1
0.297752 1
3.773116 11
1.387919 2
0.069898 147
0.000023 49
0.005495 72
2.415541 1
0.152167 1
0.155220 1
0.100371 1
0.259555 1
0.473287 1
2.073413 11
0.479748 1
0.722303 1
0.612489 1
0.112264 1
0.265306 1
0.088022 1
0.349272 1
0.253496 1
0.973247 2
0.003055 51
0.000143 22
0.000012 60
0.000549 72
5.447368 1
0.108942 1
0.576398 4
0.158719 4
0.246553 1
0.143893 1
0.065424 1
0.110304 1
0.086522 1
0.163180 1
0.108254 1
0.170025 1
0.201207 1
0.193578 1
0.159506 1
0.036000 1
0.156745 1
0.199785 1
0.146431 1
0.157259 1
0.134215 1
0.200561 1
0.080896 1
0.091184 1
0.245187 1
0.874642 2
0.047871 29
0.011984 64
0.004570 64
0.026713 33
0.000170 33
0.122017 68
0.000124 33
0.000675 35
0.000122 2
0.205489 53
0.000021 2
0.032128 62
0.000030 2
0.022614 101
0.000019 2
0.004099 18
0.000027 4
0.412443 14
0.000214 88
0.000291 34
0.000230 4
0.277297 51
0.000451 49
0.000185 2
0.237133 16
0.015720 45
0.000024 2
0.000075 23
0.010434 25
0.000026 26
0.000059 26
0.000064 26
0.000069 26
0.000088 26
0.000038 26
0.000054 26
0.000057 26
0.000060 26
0.000057 26
0.007628 26
0.005425 26
0.004454 26
0.004260 26
0.016165 26
0.005135 26
0.005578 26
0.004906 26
0.006552 27
0.000129 22
0.000004 49
0.000027 2
0.002625 50
0.000108 2
0.001041 238
0.000041 2
0.000157 45
0.000088 195
0.001641 28
0.000028 2
0.008164 240
0.027793 31
0.000505 45
0.000110 193
0.000057 2
0.000198 45
0.000089 193
0.000056 2
0.000203 46
0.291737 20
0.763129 72
1.575897 21
0.172318 45
0.661072 84
0.977639 2
0.002238 214
0.000027 24
0.000354 72
3.810259 1
0.412940 1
1.120630 1
0.095300 1
0.027557 1
0.101585 1
0.169899 1
0.096575 1
0.108714 1
0.231198 1
0.044757 1
0.193184 1
0.082317 1
0.164959 1
0.208351 1
0.166410 1
0.179049 1
1.421182 2
0.000037 72
4.408040 1
0.118797 1
0.066857 1
0.125445 1
0.074695 1
0.323331 1
0.041600 1
0.217897 1
0.137911 1
0.148139 1
0.195132 1
1.077231 1
0.221011 1
0.056596 1
0.233138 2
2.085918 1
0.634074 1
0.053350 1
0.432375 4
0.129210 1
0.546048 1
0.370055 1
0.183694 1
3.796674 11
0.795886 1
1.117543 1
0.501375 4
0.221610 1
0.106040 5
0.993666 1
0.112015 1
2.133035 2
0.031100 72
1.587925 40
0.576119 1
0.499864 1
0.031853 1
0.033678 1
0.033208 1
0.032300 1
0.032958 1
0.034165 1
0.033170 1
0.032643 1
0.033995 1
0.033044 1
0.032802 1
0.033413 1
0.033408 1
0.032276 1
0.033296 1
0.033281 1
0.268853 1
0.204513 1
0.145455 1
0.687976 44
0.086803 41
0.741779 3
0.499617 3
0.034048 3
0.033433 3
0.033394 3
0.033322 3
0.033430 3
0.033166 3
0.032485 3
0.033817 3
0.033618 3
0.033067 3
0.033391 3
0.034071 3
0.033276 3
0.032783 3
0.270326 3
0.179180 3
0.749998 6
0.096885 3
0.380828 2
0.029757 72
0.554731 40
0.276168 1
0.499492 1
0.033053 1
0.034058 1
0.032471 1
0.033536 1
0.033311 1
0.033633 1
0.033358 1
0.033276 1
0.032391 1
0.032195 1
0.034337 1
0.033103 1
0.033270 1
0.032386 1
0.032997 1
0.033371 1
0.033337 1
0.033841 1
0.275286 1
1.250329 44
0.118926 41
0.606691 3
0.500329 3
0.032759 3
0.033072 3
0.031653 3
0.033070 3
0.033697 3
0.033668 3
0.032573 3
0.032908 3
0.033113 3
0.033190 3
0.032236 3
0.033161 3
0.033518 3
0.032830 3
0.032876 3
0.381204 3
0.584749 6
0.096654 3
0.743599 2
0.029439 72
0.935909 1
0.693904 1
0.046817 1
0.532862 1
0.191947 1
0.307078 1
0.105674 1
0.126372 1
0.170384 1
0.092650 1
0.187309 1
0.230472 1
0.072586 1
0.094618 1
0.249873 1
0.102265 1
0.139971 1
0.074131 1
0.181470 1
0.191088 1
0.128145 1
0.106583 1
0.357436 1
0.209961 1
0.102901 1
0.112278 1
0.085973 1
0.283856 1
0.176786 1
0.178316 1
0.138882 1
0.132049 1
0.072819 1
0.200190 1
0.090467 1
0.071352 1
0.184490 1
0.454745 1
0.139714 1
0.116977 1
0.112579 1
0.013719 1
0.154854 1
0.310229 1
0.175827 1
0.172420 1
0.167895 1
0.709333 1
0.212058 1
0.197647 1
0.238144 1
0.182893 1
0.083901 1
0.070821 1
0.127639 1
0.141293 1
0.032091 1
0.100737 1
0.145111 1
0.092790 1
0.062380 1
0.044927 1
0.159937 1
0.193573 1
0.068781 1
0.190762 1
0.101733 1
0.186826 1
0.160168 1
0.291775 74
2.129681 1
0.094615 1
0.124569 1
0.184006 1
1.392972 1
0.100200 1
0.116604 1
1.054440 1
0.876209 1
0.209303 1
0.170219 1
1.058589 1
2.962658 1
2.191999 1
0.168808 1
0.827217 1
1.393870 1
2.056828 76
2.408590 1
0.098299 1
0.050307 1
0.121063 1
0.094385 1
0.534855 1
0.311618 1
0.131534 1
0.156409 3
0.954876 1
0.133045 1
0.092752 1
1.091982 1
0.218914 1
0.056412 1
0.266421 1
0.000132 2
0.479744 1
0.236238 1
0.732805 4
0.150544 1
0.202902 1
2.263748 2
0.012440 823
0.002273 72
1.654016 1
0.588963 1
0.060749 1
0.203174 1
0.092984 1
0.173891 1
0.080778 1
0.058797 1
0.174684 1
0.124294 1
0.066643 1
0.093902 1
0.062297 1
0.517241 4
0.500731 4
0.033135 4
0.033166 4
0.034389 4
0.033266 4
0.033457 4
0.033241 4
0.033310 4
0.032963 4
0.033446 4
0.368017 4
0.555950 1
0.237513 1
0.090983 1
0.165525 1
0.162064 1
0.069226 1
0.213878 1
0.230665 1
0.143380 1
0.206026 1
0.199991 1
0.035791 1
0.181375 1
0.098601 1
0.143499 1
0.205056 1
0.128228 1
0.220366 1
0.059906 1
0.141291 1
0.137901 1
0.065269 1
0.178017 1
0.923601 1
0.162804 1
0.157408 1
0.085582 1
0.167617 1
0.068766 1
0.160374 1
0.597402 1
0.542521 74
8.546342 17
2.980365 1
0.552966 1
1.182134 1
0.085345 1
2.564113 4
2.555199 1
0.273355 1
0.101308 1
0.062255 1
0.131656 1
1.866402 1
0.072251 1
0.234349 1
0.212927 1
0.079524 1
0.273969 1
3.413319 1
0.270612 1
0.041225 1
0.370344 2
1.056300 1
0.198636 1
0.358910 1
1.896753 1
2.315260 1
0.108091 1
0.087177 1
2.496578 1
0.719818 1
0.747911 1
0.182353 1
0.183566 2
0.730855 1
0.252483 6
1.538376 1
0.222514 5
2.415914 1
2.251848 1
0.110660 1
0.086178 1
4.067392 4
0.701650 1
0.097032 1
0.118665 1
0.084219 1
0.589104 182
3.089436 1
0.695561 1
0.611339 1
0.125258 1
0.125275 1
0.086219 1
0.165327 1
0.620082 4
0.175982 4
0.172107 4
0.179815 4
0.796023 1
0.094373 1
0.064437 1
0.076333 1
0.146616 1
0.116899 1
0.086876 1
0.096572 1
0.096194 1
0.215332 1
0.137824 1
0.088940 1
0.439096 1
0.061154 1
0.129115 1
0.115593 1
0.064736 1
0.107487 1
0.096676 1
0.255967 1
0.257513 1
0.077926 1
0.069003 1
0.142969 1
0.169601 1
0.096023 1
0.090001 1
0.074296 1
0.405334 1
0.549684 1
0.211140 1
0.203267 1
0.161638 1
0.134849 1
0.092223 1
0.114130 1
0.040928 1
0.117372 1
0.141147 1
0.075019 1
0.315654 1
0.181315 1
0.112604 1
0.153640 1
0.044980 1
0.105391 1
0.222038 1
0.162523 1
0.073963 1
0.097889 1
0.127898 1
0.182908 1
0.180271 1
0.172752 1
0.113552 1
0.161869 1
0.123453 1
0.093126 1
0.145617 1
0.085828 1
0.147397 1
0.059757 1
0.109852 1
0.317091 1
0.168968 1
2.803856 74
1.101733 68
0.215597 137
1.341215 1
0.500777 1
0.032624 1
0.033083 1
0.033053 1
0.032984 1
0.032703 1
0.033275 1
0.033479 1
0.031820 1
0.034049 1
0.034190 1
0.032029 1
0.034492 1
0.033419 1
0.033095 1
0.033434 1
0.033221 1
0.038693 1
0.027192 1
0.032531 1
0.033463 1
0.033258 1
0.033741 1
0.033850 1
0.031471 1
0.034194 1
0.033709 1
0.032203 1
0.032514 1
0.034407 1
0.032299 1
0.034492 1
0.033439 1
0.032106 1
0.033387 1
0.032592 1
0.033347 1
0.033776 1
0.032535 1
0.033016 1
0.033445 1
0.031993 1
0.033587 1
0.033693 1
0.032309 1
0.033307 1
0.911102 5
0.144879 5
0.138611 5
0.501669 5
0.932695 32
0.002877 30
0.002719 30
0.000737 72
3.071201 69
0.197721 1
0.499811 1
0.032236 1
0.034510 1
0.033466 1
0.033302 1
0.032339 1
0.033289 1
0.033122 1
0.032583 1
0.033335 1
0.032675 1
0.033772 1
0.034148 1
0.033400 1
0.032334 1
0.034603 1
0.032421 1
0.034333 1
0.032885 1
0.032810 1
0.033001 1
0.033682 1
0.033126 1
0.032406 1
0.033530 1
0.033052 1
0.032738 1
0.032655 1
0.033664 1
0.032355 1
0.034052 1
0.032321 1
0.033731 1
0.033110 1
0.033906 1
0.031918 1
0.034530 1
0.033178 1
0.032372 1
0.033098 1
0.033407 1
0.032862 1
0.033174 1
0.033262 1
0.031513 1
0.830043 5
0.117792 5
0.091059 5
0.073514 5
0.107884 5
0.824086 2
0.054753 56
0.000857 72
5.634341 74
0.160907 275
0.322551 136
0.236533 137
0.724533 136
0.500626 133
0.032992 280
0.033153 67
0.031920 1
0.036342 1
0.033252 1
0.033447 1
0.032980 1
0.033880 1
0.031945 1
0.033326 1
0.033436 1
0.681689 29
1.593016 107
0.149197 195
2.033811 167
0.499109 3
0.033570 3
0.033410 3
0.032993 3
0.033108 3
0.033338 3
0.033133 3
0.033807 3
0.032007 3
0.032990 3
0.033673 3
0.032660 3
0.033377 3
0.033010 3
0.032945 3
0.033037 3
0.032936 3
0.033055 3
0.033845 3
0.033029 3
0.032823 3
0.032686 3
0.033721 3
0.032386 3
0.033512 3
0.031577 3
0.033601 3
0.034301 3
0.033487 3
2.125708 6
0.082686 3
0.716148 2
0.012912 72
0.847720 37
0.182859 138
3.248858 2
0.016919 77
0.008294 77
0.016654 72
6.429585 1
0.107646 1
0.049326 1
0.125203 1
0.069317 1
0.986528 1
0.111196 1
0.255269 1
0.178283 1
0.498002 1
0.126593 2
0.957855 1
0.133064 1
0.197876 1
1.458992 1
0.502262 1
0.044738 1
0.301861 3
0.438256 1
0.277996 1
0.249220 1
0.403703 2
0.013355 812
0.000885 72
5.429833 1
0.711410 1
0.093219 1
0.053624 1
0.212295 1
0.013876 1
0.115588 1
0.118240 1
0.094597 1
0.126136 1
0.193955 1
0.191378 1
0.143794 1
0.092893 1
0.129465 1
0.097889 1
0.527065 1
0.520272 74
2.057322 8
0.003475 37
0.016363 153
0.002991 92
0.000459 40
1.850650 1
0.280087 1
0.161719 1
0.114902 1
0.170888 2
0.000026 9
0.000146 21
