0.461597 153
0.001353 92
0.000862 8
0.000012 32
0.526248 24
0.718507 11
0.000067 15
0.071674 34
2.778694 2
0.398154 1137
0.034985 72
1.238034 79
1.190410 1
0.562229 1
0.465949 1
0.143414 1
0.156523 1
0.099603 1
0.115513 1
0.609032 1
0.821810 74
15.364817 1
1.221090 1
0.069073 1
0.232388 1
0.421536 1
0.712971 1
0.241598 1
0.106801 1
0.198641 1
0.089976 1
0.099931 1
0.105516 1
0.296962 1
0.182364 1
0.280862 1
0.081144 1
0.152929 1
0.136864 1
0.357518 1
0.188851 1
0.955629 4
0.199531 4
0.773672 1
0.250144 1
0.393305 1
0.184686 1
0.163263 1
0.281007 74
1.157750 1
0.066813 1
0.092208 1
0.054384 1
0.107655 1
3.290414 1
0.263995 1
1.100392 1
0.072756 1
0.086278 1
0.214348 1
0.131063 1
0.125768 1
0.759040 1
0.371174 1
1.847354 1
0.228973 1
0.361339 3
0.842221 1
0.018174 1
0.064945 1
0.265685 4
2.353700 2
0.002396 81
0.000129 74
1.996607 26
0.390731 1
0.573039 1
2.180976 1
0.115754 1
0.196914 1
0.798971 1
0.457909 1
0.232940 1
2.856395 1
0.819478 4
0.420333 1
0.127185 1
0.137230 1
0.150195 1
0.106581 1
0.134831 1
1.508448 1
0.401354 1
3.011542 1
0.175544 1
0.354211 1
0.680313 1
0.192231 1
0.168088 1
0.143591 1
0.152478 1
4.190499 5
0.795343 5
1.456510 5
0.150593 5
0.124597 5
0.161371 5
0.101153 5
0.110968 5
0.999542 5
0.673463 2
0.002882 169
0.002701 72
0.842381 54
0.971208 1
0.500670 1
0.032679 1
0.033259 1
0.033157 1
0.033224 1
0.032689 1
0.033545 1
0.032585 1
0.032496 1
0.034209 1
0.032785 1
0.032700 1
0.033491 1
0.032861 1
0.031997 1
0.033659 1
0.240881 1
0.209787 1
0.208854 3
0.499864 3
0.033546 3
0.033458 3
0.034432 3
0.032745 3
0.032911 3
0.032991 3
0.033589 3
0.032266 3
0.033663 3
0.032985 3
0.033181 3
0.033073 3
0.033580 3
1.245519 1
0.328859 5
0.846285 2
0.007260 57
0.000254 72
2.212668 55
1.623725 1
0.501834 1
0.033204 1
0.033530 1
0.032547 1
0.033056 1
0.032770 1
0.032895 1
0.033950 1
0.034186 1
0.032939 1
0.032303 1
0.033420 1
0.032328 1
0.033197 1
0.032604 1
0.033117 1
0.034612 1
0.032115 1
0.033036 1
0.033123 1
0.033593 1
0.032477 1
0.034085 1
0.493910 3
0.732654 5
0.412533 5
0.388193 5
0.670088 9
0.504429 5
0.408721 9
0.569582 5
0.443881 2
0.003415 17
0.000058 72
4.361877 62
0.319101 1
0.298711 1
3.647028 1
0.891749 76
1.011347 1
0.126969 1
0.158037 1
0.118829 1
0.099401 1
0.135503 1
1.080219 1
0.257740 10
0.849263 1
0.436875 5
1.315465 1
0.988199 2
0.001374 72
1.470492 23
0.178666 126
2.563479 1
0.333815 1
0.493498 1
4.080986 1
0.319733 10
0.957655 1
0.210290 5
0.704041 1
0.462587 1
1.154717 1
0.173984 1
0.116242 1
0.049937 1
0.795907 1
0.354549 1
0.088743 1
0.146815 1
0.097180 1
0.177423 1
0.053592 1
0.117569 1
0.596722 1
0.636010 1
0.138872 1
0.094024 1
2.627521 2
0.001235 72
2.766082 99
0.528125 90
0.731006 126
0.681410 1
0.235552 1
0.208738 1
1.326781 11
4.616644 7
0.710310 1
0.167880 1
0.663316 5
0.181304 5
0.175153 5
0.158081 5
0.159514 5
0.165302 5
0.170415 5
0.179293 5
0.176830 5
0.166265 5
0.710395 75
0.000725 72
0.782634 52
0.804763 1
0.222811 1
0.244460 1
0.727248 11
0.532695 11
0.257481 2
0.009614 47
0.000012 74
11.025855 1
0.448513 1
0.145276 1
0.804094 1
0.431703 1
0.278114 1
0.204365 1
0.181890 1
0.178343 1
0.569639 1
0.139593 1
0.216152 1
0.102200 1
0.197837 1
0.169867 1
0.080683 1
0.093424 1
0.182667 1
0.072590 1
0.217624 1
0.254476 1
0.089243 1
0.136239 1
0.278220 1
0.072321 1
0.142739 1
0.053779 1
0.220376 1
0.193248 1
0.316081 2
0.000012 72
0.628519 29
0.421607 114
0.569214 1
0.196132 1
0.158151 1
1.224961 7
0.623683 7
0.267494 2
0.004103 11
0.000116 72
2.637719 52
0.297685 1
0.499801 1
0.033728 1
0.032722 1
0.033408 1
0.031946 1
0.450239 3
0.490768 5
2.311499 5
0.103102 5
0.092870 5
0.177028 5
0.888759 5
1.420610 1
0.820024 5
0.534040 3
2.273510 5
1.214262 2
0.001370 15
0.000070 2
0.000273 72
0.734427 60
0.775141 1
1.101520 1
0.198797 1
0.535865 1
3.266836 34
1.047816 2
0.004601 72
8.823793 1
0.616601 1
0.121900 1
0.106769 1
0.226335 1
0.172118 1
0.209924 1
0.175866 1
0.180400 1
0.356476 74
3.085760 9
0.365158 107
3.556717 37
0.946090 1
0.499795 1
0.032802 1
0.033268 1
0.033757 1
0.032993 1
0.033339 1
0.779904 15
1.345770 1
0.500649 1
0.034920 1
0.032930 1
0.032604 1
0.033211 1
0.033754 1
0.033068 1
0.033126 1
0.033134 1
0.032358 1
0.033294 1
0.033289 1
0.032206 1
0.033685 1
0.033194 1
0.033171 1
0.033562 1
0.032702 1
0.033161 1
0.033024 1
0.033056 1
0.584450 3
0.586670 5
0.169670 5
0.172634 5
0.177615 5
0.186358 5
0.220122 5
0.474357 5
0.162821 5
0.078708 5
0.303495 8
0.863253 2
0.000234 51
0.000097 2
0.000180 72
0.983614 54
0.437104 1
0.500121 1
0.032095 1
0.033326 1
0.032451 1
0.033712 1
0.033294 1
0.032489 1
0.033274 1
0.033174 1
0.032827 1
0.033223 1
0.033772 1
0.032002 1
1.071538 1
0.500752 1
0.032861 1
0.032244 1
0.033859 1
0.032979 1
0.032405 1
0.033170 1
0.032906 1
0.033165 1
0.033447 1
0.034135 1
0.030985 1
0.034974 1
0.513605 3
0.181077 3
0.309093 3
0.228644 3
0.222091 3
0.219968 3
0.224185 3
0.337951 1
0.499545 1
0.032794 1
0.033383 1
0.033373 1
0.033563 1
0.033223 1
0.032327 1
0.033725 1
0.033007 1
0.033195 1
0.032869 1
0.032595 1
0.033026 1
0.033790 1
0.032892 1
0.033360 1
0.033290 1
0.032471 1
0.033023 1
0.033739 1
0.033540 1
0.032731 1
0.032165 1
0.032951 1
0.033744 1
0.032616 1
0.033201 1
0.033275 1
0.033145 1
0.034160 1
0.033459 1
0.033035 1
0.033005 1
0.033805 1
0.033238 1
0.032120 1
0.034333 1
0.040071 1
0.263811 5
0.217828 5
0.000087 5
0.164997 5
0.122180 5
1.260944 3
0.500391 3
0.031645 3
0.034402 3
0.033790 3
0.033314 3
0.032580 3
0.033673 3
0.032453 3
0.033058 3
0.033246 3
0.032855 3
0.032754 3
0.033412 3
0.033384 3
0.033276 3
0.032893 3
0.032850 3
0.033441 3
0.033311 3
0.033787 3
0.032821 3
0.033024 3
0.032444 3
0.033672 3
0.032182 3
0.034212 3
0.033399 3
0.033295 3
0.032052 3
0.034010 3
0.033851 3
0.032258 3
0.033904 3
0.034533 3
0.031713 3
0.033385 3
0.032457 3
0.033273 3
0.033157 3
0.033273 3
0.032128 3
0.032976 3
0.033866 3
0.032375 3
0.033384 3
0.033408 3
0.032722 3
0.032437 3
0.033369 3
0.033561 3
0.033067 3
0.033637 3
0.033199 3
0.033494 1
0.033254 1
0.033378 1
0.033992 1
0.033709 1
0.307500 4
0.172485 4
0.154896 4
0.361797 2
0.003688 133
0.000006 2
0.000788 72
2.354666 79
0.567715 56
0.330352 2
0.010001 135
0.001625 72
0.616486 56
1.067860 1
0.195791 1
0.191512 1
0.700579 5
2.452029 5
0.631105 5
0.878550 5
0.717572 1
0.197968 1
0.418496 1
0.486442 5
0.226789 5
0.445643 1
2.106686 5
0.619301 5
0.090568 5
0.248955 5
0.130547 5
0.693533 5
1.710478 5
0.416490 3
0.640706 4
0.926268 1
0.887764 2
0.004723 115
0.000809 72
2.803560 66
1.153316 1
0.200110 1
0.468972 1
0.358427 1
0.283714 10
2.310464 1
0.131266 1
1.473034 1
0.119383 1
0.422082 4
0.209835 4
0.213330 1
0.250206 69
0.000013 152
1.043158 1
0.177310 5
0.828407 1
0.298139 1
0.687813 1
0.096442 16
0.527383 1
0.499609 1
0.033494 1
0.032351 1
0.032988 1
0.033009 1
0.033238 1
0.033385 1
0.033124 1
0.032740 1
0.033197 1
0.032382 1
0.033403 1
0.033301 1
0.032361 1
0.033464 1
0.033664 1
0.031897 1
0.033148 1
0.033476 1
0.032732 1
0.033628 1
0.033279 1
0.032665 1
0.034062 1
0.032758 1
0.032059 1
0.034492 1
0.032178 1
0.032851 1
0.033159 1
0.033539 1
0.033679 1
0.032601 1
0.033445 1
0.032028 1
0.033115 1
0.033459 1
0.032609 1
0.033265 1
0.033301 1
0.325818 1
0.200041 1
0.175720 1
0.599615 5
1.084271 2
0.005954 72
1.989812 1
0.633363 1
0.308226 1
0.073980 1
0.244576 1
0.060670 1
0.322742 1
0.194758 1
0.163550 1
0.374136 74
6.452560 1
0.711430 4
8.639375 1
0.070942 1
0.154177 1
0.323785 5
4.981956 1
1.667743 1
2.309563 1
0.689787 10
1.748953 1
0.236323 5
1.018586 1
0.444975 1
1.889630 1
0.071280 1
0.186759 1
0.658460 1
0.091901 1
0.154749 1
1.415780 1
0.155219 1
0.182739 1
0.947821 1
0.553418 1
1.220545 1
0.057086 1
0.791386 1
1.349312 3
0.049903 3
0.255421 3
0.098371 3
0.178520 3
0.722654 3
1.689878 3
0.282020 3
0.914114 1
1.694106 5
1.187444 5
1.105912 5
0.872338 5
1.289636 5
1.015182 5
0.670664 5
1.077059 5
1.107547 5
1.626593 5
1.348604 5
1.463431 3
0.289628 3
0.866414 1
1.130713 1
0.178311 1
0.155487 1
1.417336 2
0.003350 72
0.974195 1
0.048361 1
0.165600 1
0.101120 1
0.065744 1
0.135085 1
2.464537 1
0.229739 10
0.889039 1
0.257470 5
0.819277 1
0.254160 1
0.884628 2
0.001338 153
0.000163 72
5.930511 1
0.218146 1
0.121842 1
0.186223 1
0.127928 1
0.980680 1
0.283700 1
1.088515 1
0.412691 1
3.030567 18
1.379841 27
0.937646 2
0.006648 415
10.361107 1
0.036776 1
0.150218 1
0.254429 5
1.121649 1
0.455738 1
0.074495 1
0.107017 1
0.000557 1
0.142009 1
0.770211 1
0.161087 1
0.125303 1
0.072541 1
1.303610 1
0.531476 1
0.124964 1
0.125584 1
0.124826 1
0.184676 1
0.068989 1
0.104315 1
0.837971 2
0.066448 41
0.006178 149
0.000016 290
2.008394 26
0.546167 1
0.499708 1
0.033934 1
0.032479 1
0.032128 1
0.033661 1
0.032740 1
0.033268 1
0.033426 1
0.032959 1
0.032941 1
0.032689 1
0.032470 1
0.469849 31
0.180655 31
0.154651 31
0.734686 27
0.062313 27
0.149551 27
0.251900 29
0.281798 2
0.001371 247
0.000024 236
0.000334 72
2.152679 79
0.707113 27
2.756206 1
0.466373 1
0.100864 1
0.076413 1
0.369456 2
0.001607 123
0.000041 124
0.000022 129
0.000021 2
0.000030 55
0.000031 2
0.000276 72
11.519617 31
0.986506 1
0.251789 1
1.420027 1
0.309252 1
0.050842 1
0.092214 1
0.097197 1
0.096621 1
1.960026 1
2.158891 1
0.135431 1
1.574221 1
0.454002 1
1.645115 1
0.121791 1
1.885479 1
0.821808 1
2.298841 1
0.820804 1
0.246591 1
1.176065 1
0.474137 2
0.002697 247
0.000032 2
0.000025 127
0.000041 2
0.000056 110
0.000045 2
0.000329 72
2.245931 52
0.220538 1
0.777003 1
0.483274 1
0.053970 1
0.102942 1
0.076158 1
0.112036 1
0.598678 1
0.049288 1
0.209955 1
1.674087 1
0.048393 1
0.148232 1
0.237383 1
0.089156 1
0.341507 1
0.217963 1
0.809037 2
0.007125 399
5.729578 69
0.250999 1
0.505598 1
3.024256 1
0.914138 1
0.224877 1
0.238681 1
0.978618 8
2.083945 1
0.436758 1
0.217391 4
1.121677 1
0.503326 1
2.321555 1
0.398369 1
0.134912 1
0.121813 1
0.093832 1
1.191507 1
0.375755 1
3.040854 1
0.534361 1
0.409892 1
0.736238 1
0.489102 3
0.093522 3
0.080804 3
0.232983 3
0.144192 3
0.128216 3
1.244942 3
0.819376 1
0.330253 1
0.188234 1
2.267955 2
0.002103 72
2.203862 1
0.036352 1
0.205374 1
0.114159 1
5.991188 37
0.887973 2
0.002162 327
0.000035 72
2.022379 1
0.062407 1
0.091084 1
0.122447 1
0.079474 1
0.134327 1
1.051008 37
0.835458 4
0.498941 4
0.033199 4
0.032433 4
0.033754 4
0.032911 4
0.032957 4
0.033250 4
0.032095 4
0.033411 4
0.032788 4
0.033410 4
0.034076 4
0.032798 4
0.033228 4
0.032782 4
0.032519 4
0.304149 4
0.205054 4
0.357725 2
0.001500 220
0.000142 72
4.528998 79
0.752441 1
0.383537 1
0.114481 1
0.127885 1
0.193113 1
0.571458 4
0.233618 1
0.110550 1
0.112006 1
0.126191 1
0.072420 1
0.100601 1
0.228337 1
0.053158 1
0.521413 1
0.081230 1
0.013458 1
0.194938 1
0.154051 1
0.053971 1
0.252398 1
0.120834 1
0.155827 1
0.176693 1
0.162192 1
0.177292 1
0.041133 1
0.117531 1
0.293595 1
0.148688 1
0.096156 1
0.257654 1
0.194837 1
0.173273 1
0.192815 1
0.109206 1
0.228797 1
0.295277 1
0.178207 1
0.113353 1
0.121369 1
0.117395 1
0.061791 1
0.151749 1
0.119093 1
0.189123 1
0.059668 1
0.197699 1
0.017442 1
0.125881 1
0.024150 1
0.282901 1
0.068736 1
0.043471 1
0.178646 1
0.138737 1
0.077933 1
0.144532 1
0.130981 1
0.147265 1
0.053487 1
0.198221 1
0.137232 1
0.125743 1
0.093342 1
0.113397 1
0.141402 1
0.151307 1
0.179590 1
0.060398 1
0.102234 1
0.060530 1
0.103509 1
0.207621 1
0.180299 1
0.275202 74
1.409066 1
0.477078 1
0.033058 1
0.276147 1
0.289375 2
0.000044 72
3.611943 4
0.258769 73
0.481908 91
0.740468 105
1.866168 2
0.003675 327
0.000121 72
3.297988 41
0.699269 4
0.500412 4
0.032901 4
0.032725 4
0.034009 4
0.032841 4
0.033355 4
0.032395 4
0.033286 4
0.033865 4
0.257310 4
0.200749 4
0.191528 11
2.844755 1
0.500105 1
0.032448 1
0.033401 1
0.033566 1
0.033205 1
0.033254 1
0.032597 1
0.033497 1
0.032163 1
0.033370 1
0.033349 1
0.033205 1
0.033029 1
0.033567 1
0.033846 1
0.032646 1
0.033600 1
0.033158 1
0.033260 1
0.033545 1
0.033351 1
0.034269 1
0.033188 1
0.033314 1
0.032901 1
0.032759 1
0.033674 1
0.032993 1
0.033178 1
0.033391 1
0.033162 1
0.032679 1
0.033910 1
0.032765 1
0.033131 1
0.033581 1
0.032897 1
0.343300 3
1.740019 7
0.653617 5
0.075656 5
0.244531 5
0.196747 9
0.700687 5
1.137813 5
1.742014 9
2.268388 5
0.241550 5
0.531415 5
8.014544 15
2.085674 5
1.203430 5
0.931097 5
0.184755 9
1.654197 9
2.631069 2
0.001367 72
1.274296 59
0.171914 110
0.866847 2
0.001848 320
0.000146 72
1.579602 41
0.590577 123
0.439618 1
0.499424 1
0.033285 1
0.033260 1
0.032928 1
0.033446 1
0.032819 1
0.032734 1
0.033501 1
0.034436 1
0.032409 1
0.033075 1
0.032357 1
0.033955 1
0.032330 1
0.032909 1
0.033308 1
0.033296 1
0.033636 1
0.032569 1
0.033325 1
0.033183 1
0.032905 1
0.032863 1
0.032548 1
0.034383 1
0.032340 1
0.032146 1
0.033379 1
0.032635 1
0.033006 1
0.033023 1
0.034061 1
0.032517 1
0.032919 1
0.033646 1
0.032692 1
0.033009 1
0.032472 1
0.033321 1
0.033164 1
0.032312 1
0.033492 1
0.033263 1
1.221499 5
0.846375 5
0.690034 2
0.001766 72
0.530345 59
0.393597 1
0.500512 1
0.032968 1
0.033420 1
0.033244 1
0.033140 1
0.033917 1
0.032856 1
0.032768 1
0.032737 1
0.033637 1
0.033329 1
0.032100 1
0.033523 1
0.032651 1
0.033195 1
0.033141 1
0.032473 1
0.033289 1
0.033136 1
0.033054 1
0.033415 1
0.032538 1
0.033011 1
0.032615 1
0.033035 1
0.033635 1
0.033398 1
0.033086 1
0.033641 1
0.034006 1
0.033338 1
0.033582 1
0.033452 1
0.033287 1
0.032346 1
0.033175 1
0.032892 1
0.037355 1
0.032897 1
0.033147 1
0.033491 1
0.033413 1
0.033244 1
0.558012 5
0.178569 5
0.410227 5
0.315928 5
0.266278 2
0.001569 72
0.492087 59
0.309380 237
0.510158 110
1.074767 2
0.002240 378
2.295433 1
1.494194 1
0.128515 1
0.061956 1
0.051390 1
0.115615 1
0.075561 1
0.135732 1
0.098346 1
0.545678 1
0.516522 1
1.584112 1
0.553313 4
0.221808 1
0.116086 1
0.199740 1
0.084641 1
0.300658 1
0.169115 1
0.153431 1
0.618995 2
0.000252 72
2.314542 8
0.002164 37
0.020526 153
0.001652 92
0.001820 8
0.000183 32
0.623313 17
