0.465527 153
0.001100 92
0.000938 8
0.000009 32
0.922458 24
0.738316 11
0.000043 15
0.061463 1
0.000020 33
2.634709 2
0.387096 1137
0.039607 72
1.641074 1
0.635999 25
2.029283 1
0.213651 1
0.117610 1
0.121525 1
0.678069 76
2.065582 1
0.542127 1
0.324053 1
0.165006 1
0.109841 1
0.083303 1
1.193821 1
0.709921 86
1.015221 74
2.949844 1
0.987869 1
0.526255 1
0.411769 1
0.081289 1
0.117452 1
0.230358 1
0.100777 1
0.176392 1
0.097378 1
0.166757 1
0.140441 1
0.288610 1
0.077681 1
0.387567 1
0.149235 1
0.118097 1
0.147104 1
0.112145 1
0.597768 1
0.165212 1
0.171147 1
0.165938 1
0.128442 1
0.180153 1
0.318406 1
0.086431 1
0.115471 1
0.116542 1
0.176906 1
0.126191 1
0.120868 1
0.178265 1
0.585622 74
1.377080 1
0.257474 1
0.685268 4
0.134880 1
0.785509 1
0.149571 1
0.289331 1
0.302542 2
0.000035 72
0.462511 1
0.084521 1
0.101305 1
0.263435 2
1.002685 1
0.280139 1
0.163145 1
0.910732 2
0.001692 207
0.000171 72
1.241118 8
0.791151 1
0.789356 1
0.077775 1
0.324402 1
0.299920 1
0.870963 1
0.232093 1
0.860309 1
0.121901 1
0.156885 1
0.149494 1
0.107232 1
0.177855 1
0.780685 1
0.731972 1
1.246281 1
0.283362 1
0.595098 1
0.258595 2
0.002837 11
0.000182 72
2.995464 1
0.140576 1
0.175178 1
0.103409 1
0.117831 1
0.150499 1
0.986468 1
0.648200 10
1.529627 1
0.560190 1
0.186666 1
0.108113 1
0.113858 1
1.179247 1
1.919095 4
0.656742 1
0.320443 1
0.680773 4
0.163295 4
0.212473 1
0.609724 4
0.550307 1
0.621429 2
0.002938 72
1.817121 23
1.188520 90
0.629347 1
0.746608 1
0.786521 1
1.059830 1
0.100929 1
0.281753 1
0.123904 1
0.163300 1
0.124608 1
0.199688 1
0.587733 1
0.407747 1
0.118501 1
0.091753 1
1.878320 2
0.005483 72
1.271277 1
1.428358 1
0.287301 1
0.082139 1
0.161164 1
0.510979 1
0.316373 1
0.188160 1
0.121176 1
0.114303 1
0.125568 1
0.627980 1
0.194513 1
0.185349 1
0.356314 2
0.000039 72
2.753702 1
0.085101 1
0.101740 1
0.067968 1
0.089591 1
1.359748 1
0.584939 4
0.769344 1
0.306662 1
0.143130 1
0.175676 1
0.464497 4
0.176665 1
0.199654 1
0.266048 1
0.466387 1
0.225204 1
0.175498 1
1.068710 1
1.344140 1
0.767086 1
0.140470 4
0.807168 1
0.053792 1
0.173953 1
0.189351 5
1.168365 2
0.002559 46
0.000224 72
1.138167 29
1.083110 1
0.302460 1
0.426320 1
0.950259 1
0.391736 10
1.189303 1
0.108546 1
0.774380 1
0.254083 1
0.631516 4
0.217675 4
0.517439 1
0.257557 5
0.984778 1
0.437804 1
0.960818 1
0.502012 4
0.369726 1
0.136039 1
0.518891 1
0.646736 4
0.510856 1
0.211878 1
0.633055 1
0.218088 1
2.759888 4
0.501001 4
0.032682 4
0.032196 4
0.034715 4
0.032442 4
0.033414 4
0.033064 4
0.031731 4
0.033985 4
0.033413 4
0.032045 4
0.033594 4
0.033371 4
0.032446 4
0.032268 4
0.032506 4
0.033103 4
0.034485 4
0.032136 4
0.033861 4
0.997779 1
0.225921 1
0.286279 1
0.341120 1
0.067104 1
0.342320 10
0.674670 2
0.001431 72
0.590279 1
0.092255 1
0.138873 1
0.457420 1
0.120882 1
0.278931 10
0.863429 1
0.884123 4
0.566043 1
0.286119 10
1.003978 1
0.243123 5
0.835319 1
0.313403 1
0.926278 2
0.001534 72
3.510484 79
1.817591 1
0.576951 1
0.253631 1
0.157858 1
0.123567 1
0.231300 1
0.150396 1
0.113036 1
0.251046 1
0.172131 1
0.185594 1
2.019212 1
0.482432 1
0.248536 1
0.257388 1
0.218961 1
0.221932 1
0.097085 1
0.101549 1
0.125960 1
0.093743 1
0.117020 1
0.145901 1
0.117399 1
0.217791 1
0.165339 1
0.159477 1
0.155462 1
0.185603 1
0.044917 1
0.314099 1
0.176585 1
0.279586 74
2.826343 1
0.784467 4
0.512420 1
0.098256 1
0.921321 1
0.202956 1
0.982439 1
0.105029 2
1.858068 1
0.133485 1
0.159993 1
1.761503 2
0.004331 963
0.000008 630
0.000023 72
2.268611 9
0.926696 1
0.913642 1
1.704059 4
0.602114 1
0.077060 1
0.261726 1
0.647669 1
0.336022 1
0.167175 1
0.647604 1
1.238378 96
0.530589 2
0.006695 812
0.000395 72
2.389042 17
0.572435 1
0.381379 1
1.070593 1
0.079542 1
0.205424 1
0.269316 1
2.552081 1
0.378376 1
1.654561 1
1.505890 1
0.512022 1
1.479312 4
0.173663 4
0.167840 4
0.687565 1
0.104022 1
0.152051 1
0.155795 1
0.103346 1
0.122657 1
0.660644 1
0.369401 1
0.727920 1
0.305366 1
2.621985 1
1.066626 1
0.701583 1
0.785931 1
0.749951 1
0.408409 1
0.667130 1
1.798698 1
1.965698 1
0.396248 1
1.151545 1
0.728246 1
0.699140 1
0.501747 1
1.303329 1
11.263234 1
1.293013 1
1.273858 1
1.094614 2
0.001820 148
0.000082 76
0.000035 58
0.000024 60
0.000038 56
0.000016 2
0.000351 72
4.366099 53
0.416630 1
0.494573 1
0.032742 1
0.033497 1
0.032553 1
0.033328 1
0.033435 1
0.033479 1
0.033017 1
0.033271 1
0.033727 1
0.031615 1
0.033681 1
0.032265 1
0.033563 1
0.033080 1
0.032498 1
0.033371 1
0.033281 1
0.032684 1
0.033240 1
0.032863 1
0.033665 1
0.034629 1
0.033278 1
0.033585 1
0.033715 1
0.032203 1
0.032325 1
0.033357 1
0.033452 1
0.032090 1
0.033367 1
0.033320 1
0.248503 1
0.213762 1
1.007931 5
2.746302 169
0.894910 2
0.008274 347
0.000022 72
6.672074 54
2.273928 1
0.500159 1
0.032965 1
0.032967 1
0.032803 1
0.033669 1
0.033332 1
0.034791 1
0.031935 1
0.034430 1
0.031869 1
0.033104 1
0.033549 1
0.032493 1
0.032476 1
0.033813 1
0.033818 1
0.031788 1
0.033053 1
0.033384 1
0.032285 1
0.033497 1
0.034390 1
0.032287 1
0.033925 1
0.032307 1
0.033490 1
0.033396 1
0.033417 1
0.032186 1
0.033415 1
0.033308 1
0.033001 1
0.032805 1
0.032893 1
0.412275 9
0.489714 5
0.047493 5
0.107584 5
0.089362 5
0.114551 5
0.676493 5
0.080027 5
0.175344 5
1.387345 5
1.252839 5
1.081501 5
0.772378 5
0.561297 5
1.073776 5
0.221169 5
0.720184 5
0.074901 5
0.130736 5
0.057074 5
0.191250 5
0.805120 5
0.184108 5
0.177380 5
1.093815 5
0.052335 5
0.429333 2
0.003593 347
0.000352 72
2.821133 68
0.367259 1
0.500378 1
0.033129 1
0.032813 1
0.033126 1
0.032357 1
0.034918 1
0.031825 1
0.033620 1
0.033488 1
0.033219 1
0.034154 1
0.033805 1
0.033133 1
0.033087 1
0.033126 1
0.033192 1
0.033034 1
0.032986 1
0.033361 1
0.033467 1
0.032219 1
0.032580 1
0.033164 1
0.034174 1
0.031713 1
0.032729 1
0.033166 1
0.033493 1
0.033338 1
0.033437 1
0.033560 1
0.033278 1
0.032484 1
0.608101 1
0.287203 1
0.215319 1
0.204220 1
3.266534 3
0.276773 3
0.515496 3
0.169318 3
0.205677 1
0.253382 1
0.197705 1
0.197142 1
0.187627 1
0.176361 1
0.519962 5
0.635174 5
0.762330 2
0.010354 324
0.001113 72
2.964009 68
0.153754 1
0.439394 1
0.453690 1
2.147501 1
0.301899 10
1.251771 1
0.224879 5
0.950230 1
0.330612 1
1.220552 1
0.156540 1
0.186560 1
0.163650 1
0.236694 1
0.130569 1
0.115637 1
0.895190 1
0.842735 4
0.731329 1
0.338121 1
0.091879 1
0.124751 1
0.540343 2
0.010092 72
1.218688 1
0.520464 1
0.278256 1
0.172092 1
0.113415 1
0.120043 1
0.138096 1
0.177371 1
0.211936 1
0.241457 1
0.209311 1
0.059403 1
0.060161 1
0.113805 1
0.281367 1
0.155592 1
0.188386 1
0.067788 1
0.183290 1
0.273080 1
0.170470 1
0.128538 1
1.757234 1
0.775332 4
0.308653 101
0.639121 2
0.000166 72
4.728419 1
0.203001 1
0.254972 1
0.175653 1
0.336945 1
0.159745 2
1.463189 1
0.134419 1
0.334716 1
0.091113 1
0.362736 1
0.192954 1
0.138637 1
0.182182 2
0.002893 685
0.000152 442
0.000032 93
0.000134 2
0.000065 94
0.000056 40
0.000097 47
0.000168 64
0.000085 107
0.000028 2
0.000168 27
0.000147 43
0.000040 80
0.000038 72
0.000164 29
0.000037 38
0.000064 84
0.000200 32
0.000087 31
0.000227 55
0.000023 71
0.000122 63
0.000044 71
0.000042 64
0.000170 62
0.000148 33
0.000044 68
0.000068 60
0.000273 63
0.000117 169
0.000080 33
0.000146 32
0.000062 36
0.000024 67
0.000165 33
0.000038 228
0.000008 46
0.000036 37
0.000023 82
0.000049 89
0.000348 72
2.556312 13
0.843859 1
0.371093 1
0.077980 1
0.101059 1
0.000420 1
0.087660 1
0.809547 1
0.790256 4
0.226682 4
0.176622 4
0.176748 4
0.170625 4
0.861420 1
0.062302 1
0.167903 1
0.255504 1
0.689337 1
0.619278 1
0.294552 1
0.549207 1
0.387007 2
0.002367 85
0.001726 72
2.341921 79
2.638099 1
0.175980 1
0.207634 1
0.228279 1
0.578886 28
0.000083 77
0.993615 1
0.101890 2
1.899091 1
0.257419 1
0.977608 4
0.203831 4
0.900475 1
0.070495 1
0.175927 1
0.175154 2
0.010308 1071
0.000040 522
0.000565 72
1.091497 1
0.060576 1
0.098236 1
0.201577 1
0.092454 1
0.104259 1
0.531252 4
0.192313 4
0.153248 4
0.170876 4
1.042361 1
0.194490 1
0.146376 2
3.144562 6
0.760427 5
0.071871 5
0.099919 5
0.109308 5
0.212725 2
0.038255 25
0.015487 188
0.000026 62
0.000029 3
0.000045 21
0.000159 894
0.000019 188
0.000225 296
0.000007 444
0.000008 167
0.000054 5
0.000047 55
0.000032 409
0.000035 436
0.000035 2
0.000007 77
2.148832 5
0.657676 6
0.422079 6
0.606546 4
0.339051 6
0.349297 198
0.001609 2915
0.000121 2066
0.000260 876
0.000072 164
0.000636 758
0.000267 741
0.000087 39
0.000048 65
0.000057 36
0.000083 2
0.000129 81
3.090382 9
0.000546 823
0.000226 215
0.000246 497
0.000103 344
5.529393 28
0.001949 72
1.879537 10
0.611299 6
0.549509 8
1.066379 18
0.819496 1
0.234370 1
0.180805 1
3.991211 4
0.388140 1
1.962284 6
0.323276 1
1.613247 4
0.850209 1
1.508278 1
1.357131 1
0.035449 1
0.241078 1
0.717315 1
0.729616 1
0.219334 1
0.456732 1
2.036249 2
0.007166 18
0.000129 2
0.000012 14
0.000138 2
0.000164 54
0.000209 2
0.000335 54
0.000134 2
0.000153 54
0.000138 2
0.000122 18
0.000093 2
0.000113 54
0.000052 2
0.000050 54
0.000049 2
0.000042 54
0.000037 2
0.000372 72
1.989899 34
0.229778 1
0.879193 1
0.466194 1
0.448372 1
0.308325 1
0.868011 1
0.281996 1
0.533188 1
0.392929 4
0.154770 1
0.243759 1
0.444713 4
0.191226 4
0.216001 4
0.654433 1
0.261111 1
0.430092 1
1.495106 1
0.373781 1
0.337157 1
0.448002 1
0.173133 4
0.234739 6
0.222275 1
0.696611 4
0.596610 4
0.224358 4
0.214900 4
0.234200 4
1.325703 2
0.000015 74
0.445766 1
0.150074 1
0.389951 2
0.005397 453
0.000032 598
0.000197 72
1.672592 2
0.978722 34
0.430754 71
0.536011 34
0.564749 1
2.027454 1
0.610630 1
0.445888 1
3.312403 11
0.636547 1
0.510818 1
0.305934 1
0.170225 1
0.683517 1
0.891286 1
0.158653 1
0.095504 1
0.117849 1
0.931859 1
0.912874 1
0.520939 1
0.116145 1
0.181821 1
0.169556 1
0.236267 1
0.205509 1
0.090563 1
0.533053 1
0.363587 1
0.093273 1
0.109340 1
3.309265 2
0.003297 72
1.733627 1
0.052531 1
0.140538 1
0.081328 1
3.461675 29
1.701375 112
0.711526 2
0.000855 716
0.000154 72
4.603024 1
0.918066 1
0.546585 1
0.183438 1
0.239159 1
0.085409 1
0.444128 1
0.056982 1
0.405965 1
0.102227 1
0.117829 1
0.072344 1
0.150763 1
0.143646 1
0.173228 1
0.183863 1
0.122362 1
0.837521 1
0.192705 1
0.188455 1
0.212216 1
0.151812 1
0.139868 1
0.123900 1
0.190605 1
0.172802 1
0.086504 1
0.176350 1
0.140652 1
0.250172 1
0.165919 1
0.146856 1
0.111256 1
0.123534 1
0.048802 1
0.256426 1
0.185446 1
0.170863 1
0.306203 74
4.222990 1
0.052970 1
0.092951 1
0.032419 1
0.113838 1
0.393077 1
0.091554 1
0.125250 1
0.368989 4
0.197539 4
0.167051 4
0.731373 1
0.299393 1
0.495589 1
0.230808 1
0.122856 1
0.117857 1
0.287085 1
1.809659 1
1.161825 1
0.437449 1
0.990324 1
0.141755 4
1.057536 1
0.180942 1
0.390086 6
1.001932 1
0.798414 1
0.272129 1
0.160965 1
0.194138 1
0.319711 1
0.674400 1
0.306981 1
0.221438 1
0.147123 4
0.179995 4
0.499205 4
0.033007 4
0.033376 4
0.034415 4
0.031916 4
0.032634 4
0.266394 4
0.449594 2
0.002299 64
0.000281 72
1.261078 28
1.537977 1
0.770629 1
0.253642 1
0.209795 1
0.940581 4
0.170593 1
0.710544 1
0.165728 1
0.110185 1
0.260981 1
0.417253 1
0.296599 1
0.182620 1
0.365615 1
1.806105 2
0.008877 13
0.000039 2
0.000419 72
0.644457 39
1.767706 1
2.373279 1
0.640462 1
0.084589 1
0.304224 1
0.418095 1
2.284415 1
0.407161 1
1.112107 1
0.107036 1
0.144823 1
0.154021 1
0.099201 1
0.154026 1
3.496213 1
3.416605 4
1.655484 1
0.410499 1
0.867009 1
0.367794 1
0.610270 2
0.002373 3
0.000166 72
1.361482 57
0.734047 1
0.499131 1
0.070262 1
0.032891 1
0.033678 1
0.033226 1
0.035337 1
0.033811 1
0.033112 1
0.202241 1
0.226072 1
0.284950 1
0.560159 3
0.499899 3
0.033047 3
0.033094 3
0.033050 3
0.033595 3
0.033046 3
0.033278 3
0.034164 3
0.237267 3
0.422221 9
0.133151 5
0.248282 2
0.001312 3
0.000141 72
3.607530 57
0.956603 67
0.948206 1
0.357889 1
0.288482 1
0.160465 1
0.461065 1
0.113585 1
0.117398 1
0.082127 1
0.168903 1
0.130860 1
0.052544 1
0.165767 1
0.185238 1
0.110076 1
0.164418 1
0.118015 1
0.129479 1
0.042922 1
0.187258 1
0.129529 1
0.175048 1
0.799681 74
0.413123 21
0.231565 78
0.709733 1
0.250722 1
0.475669 9
0.084308 5
0.576347 1
0.499867 1
0.032694 1
0.034269 1
0.031205 1
0.033520 1
0.034379 1
0.032072 1
0.032233 1
0.034427 1
0.032780 1
0.032814 1
0.033590 1
0.032645 1
0.240526 1
0.207833 1
0.756145 5
0.625841 5
0.497932 9
0.911858 5
0.787545 5
0.471218 5
0.261581 9
0.523286 2
0.000927 33
0.000072 27
0.000032 2
1.257033 2
0.000346 2
0.000157 72
0.525482 64
0.770102 1
0.500561 1
0.033522 1
0.032984 1
0.033404 1
0.032533 1
0.032972 1
0.032745 1
0.033982 1
0.033829 1
0.033662 1
0.032983 1
1.513944 1
0.500027 1
0.033994 1
0.032749 1
0.033650 1
0.033551 1
0.032750 1
0.033703 1
0.033156 1
0.247188 1
0.496726 5
0.600306 5
0.180115 5
0.320039 4
0.228433 4
0.168119 4
0.158717 8
1.037254 3
0.733277 3
0.190595 3
0.188635 3
0.185778 3
0.184815 3
0.643491 5
0.461740 5
0.387631 5
0.920485 9
0.469967 5
0.400284 9
0.346990 5
0.342927 2
0.002431 4
0.000234 72
5.838799 64
0.373571 1
0.305515 1
0.301784 1
1.071705 1
4.993780 3
0.266275 3
1.101606 5
0.160449 5
0.292678 5
0.344742 2
0.003490 3
0.000487 72
1.073459 67
0.188402 1
0.413410 1
0.450414 1
1.442718 1
0.265672 10
3.251561 1
0.244925 5
0.999577 1
0.332492 1
2.590671 1
0.093966 1
0.159226 1
0.481560 1
0.108966 1
0.332745 1
0.060474 1
0.476840 1
0.121053 1
0.144134 1
0.125511 1
0.126778 1
0.631903 1
0.397917 1
0.097058 1
0.107963 1
1.320759 1
0.244715 2
0.003715 72
1.734462 1
0.475134 4
0.487176 1
0.376760 1
0.204186 1
0.082171 1
0.308345 1
0.183607 1
0.443630 1
0.462532 1
0.368709 1
0.226030 1
0.112748 1
0.325910 1
0.169087 1
0.176361 1
0.153290 1
0.332535 1
0.085763 1
0.053931 1
0.119055 1
0.209405 1
0.160408 1
0.131419 1
0.143968 1
0.247057 1
0.159847 1
0.447152 1
0.165856 1
0.168296 1
0.973432 107
0.336083 2
0.000079 72
1.033413 1
0.197134 1
0.260700 4
1.440356 2
0.006896 1
0.000225 2
0.000573 72
1.047365 6
0.218364 1
0.322391 1
0.309233 1
0.413121 1
0.416314 1
0.266552 10
1.712395 1
0.194740 5
0.907867 1
0.486428 4
0.550660 1
0.301280 1
1.070759 1
0.126484 16
1.011769 2
0.002914 72
5.587715 1
0.478672 1
0.103645 1
0.113397 1
0.504674 2
0.000077 72
1.578050 8
0.003192 37
0.012187 153
0.001638 92
0.000753 8
0.000239 32
1.038329 11
0.000022 6
