0.486626 153
0.001250 92
0.000419 40
1.026371 24
0.649887 11
0.000133 15
0.087948 34
2.286192 2
0.383746 1137
0.039255 72
1.321189 79
1.301436 1
0.879008 1
0.404014 1
0.135839 1
0.168943 1
0.065728 1
0.142554 1
1.052065 1
1.206638 1
1.011055 2
0.000282 72
2.837066 1
3.011077 4
0.833692 1
0.159827 1
0.165412 1
0.161712 1
0.091710 1
0.126644 1
0.844475 1
0.579400 1
0.329339 1
1.756933 1
0.522961 1
0.086633 1
0.119947 1
0.325822 1
0.120271 1
0.088201 1
0.128751 1
0.109878 1
0.946820 1
1.604656 1
3.754405 1
2.354017 1
0.085431 1
0.993397 1
1.870521 3
0.267155 3
0.221129 3
0.209631 3
0.074870 3
0.361702 3
0.841777 3
1.465319 3
0.218326 3
0.308538 3
0.216993 3
0.108398 3
0.259749 3
0.861309 3
0.265323 3
0.077069 3
0.397274 3
0.180924 3
0.515308 3
0.200518 3
0.123531 3
0.114401 3
10.114780 1
0.500311 1
0.033487 1
0.033431 1
0.033232 1
0.033659 1
0.033244 1
0.032761 1
0.033558 1
0.032637 1
0.032719 1
0.033475 1
0.032587 1
0.033079 1
0.033824 1
13.783289 33
0.762905 3
0.500118 3
0.034051 3
0.032948 3
0.033175 3
0.032984 3
0.032851 3
0.033209 3
0.033167 3
0.033267 3
0.033733 3
0.032801 3
0.032870 3
0.033015 3
0.032438 3
0.033018 3
0.033382 1
0.034520 1
0.032762 1
0.033455 1
0.033903 1
0.562785 1
1.787891 1
1.576907 3
2.954147 3
0.211981 3
0.220645 3
0.213441 3
0.260124 3
0.248236 3
0.949602 3
1.374478 3
0.173085 3
0.141411 3
0.812316 3
0.120374 3
0.097852 3
1.456844 5
2.934679 1
0.500358 1
0.032637 1
0.033681 1
0.033171 1
0.033041 1
0.033399 1
0.032813 1
0.033469 1
0.032726 1
0.033700 1
0.033424 1
0.033208 1
0.033402 1
0.032655 1
0.033541 1
0.032636 1
0.033652 1
0.033286 1
0.032450 1
0.033547 1
0.032612 1
0.037550 1
0.027160 1
0.032889 1
0.032539 1
0.033344 1
0.034893 1
0.032045 1
0.033284 1
0.033064 1
0.033140 1
0.033081 1
0.033313 1
0.032592 1
0.033267 1
0.033732 1
0.033298 1
0.033227 1
0.458625 3
0.500450 3
0.032259 3
0.033460 3
0.032436 3
0.033580 3
0.033536 3
0.033214 3
0.033490 3
0.033199 3
0.033398 3
0.033473 3
0.032186 3
0.032847 3
0.032963 3
0.033838 3
0.033324 3
0.032363 3
0.032639 3
0.034028 3
0.033378 3
0.033390 3
0.449955 3
4.074389 1
0.500654 1
0.033345 1
0.032959 1
0.033206 1
0.032763 1
0.033254 1
0.032567 1
0.033307 1
0.032922 1
0.033332 1
0.032904 1
0.033007 1
0.033228 1
0.033726 1
0.033075 1
0.033282 1
2.315556 69
0.055201 69
1.362772 1
0.227416 1
1.161513 73
0.779274 3
0.230436 3
0.411426 1
1.497056 71
0.229563 71
0.315107 71
0.284211 71
0.113463 71
0.303473 71
0.135506 71
5.977834 1
0.499814 1
0.032971 1
0.032780 1
0.033672 1
0.033366 1
0.278473 1
0.559423 89
0.440952 3
0.171278 3
0.164735 3
0.172360 3
0.182196 3
0.149163 3
0.154443 3
1.105618 71
0.811300 71
1.275621 71
0.148417 71
0.924564 71
0.127036 71
4.036740 2
0.000283 72
1.702172 1
0.086758 1
0.080540 1
0.395418 2
0.812847 1
0.768248 1
0.074139 1
0.260400 8
1.051623 1
0.534354 2
0.002237 304
0.000159 233
0.000141 106
0.000134 62
0.000621 72
7.543382 1
0.097966 1
0.069406 1
0.709639 1
0.057629 1
0.066190 1
0.182394 1
1.569136 1
0.362320 10
1.293937 1
0.536672 1
1.424315 2
0.003268 72
1.000699 1
2.420292 1
0.221018 1
0.092571 1
0.167195 1
0.214027 1
0.228281 1
0.116431 1
0.796700 1
0.060269 1
0.091502 1
0.129475 1
0.119496 1
0.077738 1
0.071307 1
0.160287 1
0.099610 1
0.027595 1
0.217011 1
0.071971 1
0.285062 1
0.188532 1
0.165812 1
1.618169 102
0.606834 74
1.068498 1
0.314403 1
0.322727 1
0.140925 1
0.108920 1
0.213175 1
1.242952 1
0.502765 1
0.051137 1
0.095621 1
0.309185 1
0.101677 1
0.131285 1
0.122240 1
0.123313 1
0.693854 1
0.320364 1
1.263309 1
1.279955 16
0.685679 15
0.687805 27
0.303079 25
0.249550 25
0.138135 27
0.774857 36
1.158466 1
5.261449 1
0.884543 1
0.132220 1
0.183780 1
0.213403 1
0.065517 1
0.190939 1
2.556175 4
0.181022 4
0.163559 4
0.163599 4
0.166539 4
0.172283 4
0.924202 1
0.185370 1
0.128486 1
0.121846 1
0.095206 1
0.171998 1
1.082841 1
0.403198 1
0.089961 1
0.330485 1
0.111533 1
0.246221 1
0.215203 1
0.135421 1
0.125148 1
3.734743 1
1.515301 1
1.760694 1
0.228773 1
0.209152 1
0.129184 1
0.282465 1
0.218942 1
1.221990 1
1.044925 1
1.543840 1
0.213064 1
0.115029 1
0.669831 1
0.167899 1
0.080491 1
0.747081 1
0.803101 4
1.089316 1
1.665346 1
1.006023 1
0.846074 1
0.156298 1
0.081290 1
0.073249 1
0.143084 1
0.125866 1
0.399925 1
0.068434 1
0.209459 1
0.103816 1
0.283878 1
0.200321 1
0.113447 1
0.180985 1
0.217183 1
0.083108 1
0.118879 1
0.204483 1
0.169322 1
0.116910 1
0.152619 1
0.166591 1
0.050570 1
0.093628 1
0.093150 1
0.073259 1
0.179322 1
0.186845 1
0.054061 1
0.215471 1
0.090512 1
0.129148 1
0.295251 1
0.093201 1
0.101674 1
0.164816 1
0.123743 1
0.147385 1
0.205676 1
0.072887 1
0.197880 1
1.678537 1
0.190730 1
0.051174 1
0.131433 1
0.117732 1
0.141720 1
0.172990 1
0.096355 1
0.178558 1
0.262863 1
0.162228 1
0.117032 1
0.268494 1
0.050577 1
0.198117 1
0.097694 1
0.257337 1
0.172456 1
0.171899 1
2.191194 13
0.221604 7
0.248634 7
0.235449 10
0.225308 6
0.217877 8
0.218143 9
0.229873 7
0.230455 6
0.238459 11
0.242647 10
2.219399 1
0.500197 1
0.032692 1
0.032943 1
0.033706 1
0.033308 1
0.033586 1
0.032217 1
0.033300 1
0.033456 1
0.032627 1
0.032223 1
0.034018 1
0.032424 1
0.033020 1
0.033197 1
0.033235 1
0.032864 1
0.032989 1
0.033515 1
0.032613 1
0.032727 1
0.033477 1
0.032634 1
0.033165 1
0.033562 1
0.032251 1
0.033108 1
0.032897 1
0.033230 1
0.033202 1
0.326567 1
0.152064 1
0.290843 1
5.162138 9
0.782857 3
0.500461 3
0.032860 3
0.033149 3
0.032601 3
0.033283 3
0.032581 3
0.033222 3
0.033238 3
0.033484 3
0.032976 3
0.033697 3
0.032651 3
0.033770 3
0.032971 3
0.033497 3
0.033419 3
0.033502 3
0.033173 3
0.032147 3
0.032853 3
0.033466 3
0.033593 3
0.032644 3
0.032919 3
0.033603 3
0.033612 3
0.032108 3
0.033749 3
0.033575 3
0.272185 3
0.263310 3
0.332930 3
5.392219 3
2.081891 3
0.071186 3
0.315956 3
0.166669 3
0.136757 3
0.227608 3
2.335515 3
1.110772 1
2.199073 5
0.506490 5
0.195472 5
0.187640 5
0.292074 5
0.119148 5
1.153462 5
0.202047 5
0.210778 5
1.726400 5
0.414845 5
1.729398 5
0.164401 5
1.318950 5
0.141430 5
1.057806 7
2.365173 2
0.003231 72
1.335037 1
0.948940 1
0.307619 1
0.250808 1
0.337402 1
0.104305 1
0.000096 1
0.095818 1
0.146233 1
0.091227 1
0.086573 1
0.056233 1
0.159267 1
0.084294 1
0.155105 1
0.094966 1
0.169886 1
0.110262 1
0.256023 1
0.084446 1
0.150148 1
0.155632 1
0.196845 1
0.157956 1
0.411811 74
1.367283 1
0.080703 1
0.105757 1
0.182740 1
0.897777 1
0.468727 1
0.605529 1
0.060490 1
0.251034 8
0.920268 1
0.507254 2
0.002190 142
0.000150 82
0.000069 252
0.000239 33
0.000043 208
0.000702 72
7.828409 79
0.740876 1
0.064723 1
0.062380 1
0.232070 5
0.354057 1
0.528111 1
0.072408 1
0.087376 1
0.097205 1
0.098420 1
0.814051 1
0.455060 1
0.060576 1
0.079613 1
0.355254 7
1.256913 1
0.817807 2
0.005795 390
0.000263 72
2.576421 25
0.351165 1
0.236020 1
0.449643 1
0.065120 1
0.106392 1
0.070656 1
0.120225 1
0.365045 1
0.279581 1
0.298324 1
0.133992 1
0.115636 1
0.502255 1
0.537341 1
1.135880 1
0.041042 1
0.108643 1
0.035029 1
0.086743 1
0.872785 1
0.104590 1
0.219853 1
0.346368 1
0.089810 1
0.138999 1
3.037339 1
0.137889 1
0.137478 1
0.265639 1
0.298393 2
0.003895 176
0.000182 72
0.919428 79
1.106850 54
2.687446 1
0.850920 1
0.367672 1
0.879785 1
1.402014 1
0.282413 1
0.615559 4
0.163448 1
0.541106 4
0.526782 1
0.293462 9
2.764982 1
0.242108 10
0.843914 4
0.500263 4
0.033749 4
0.033139 4
0.033355 4
0.158102 4
0.663217 1
1.020559 1
0.525518 1
0.088055 1
0.138897 1
0.320670 2
0.005148 72
0.764135 1
0.080759 1
0.102883 1
0.117597 1
3.426453 21
0.900348 2
0.002526 176
0.000630 72
6.447429 1
1.155915 1
0.378313 1
0.144832 1
0.132204 1
0.137742 1
0.067237 1
0.130527 1
0.098232 1
0.266086 1
0.207270 1
0.146345 1
0.163747 1
0.059927 1
0.105035 1
0.606935 1
2.006813 1
0.171393 1
0.171897 1
0.337284 74
1.469869 8
0.003789 37
0.024027 153
0.002701 92
0.000188 8
0.000022 32
1.384635 11
0.000036 6
